         1e-11     0.177557 
   1.10304e-11     0.169061 
   1.21669e-11     0.160971 
   1.34206e-11     0.153269 
   1.48034e-11     0.145935 
   1.63287e-11     0.138952 
   1.80111e-11     0.132303 
   1.98669e-11     0.125972 
   2.19139e-11     0.119944 
   2.41719e-11     0.114205 
   2.66625e-11      0.10874 
   2.94097e-11     0.103536 
     3.244e-11    0.0985821 
   3.57825e-11    0.0938649 
   3.94694e-11    0.0893734 
   4.35362e-11    0.0850968 
   4.80221e-11    0.0810248 
   5.29701e-11    0.0771477 
    5.8428e-11    0.0734561 
   6.44483e-11    0.0699412 
   7.10888e-11    0.0665945 
   7.84136e-11    0.0634078 
   8.64931e-11    0.0603737 
   9.54051e-11    0.0574848 
   1.05235e-10    0.0547341 
   1.16078e-10     0.052115 
   1.28039e-10    0.0496213 
   1.41231e-10    0.0472468 
   1.55784e-10     0.044986 
   1.71835e-10    0.0428334 
    1.8954e-10    0.0407838 
    2.0907e-10    0.0388323 
   2.30612e-10    0.0369741 
   2.54374e-10    0.0352049 
   2.80584e-10    0.0335203 
   3.09494e-10    0.0319163 
   3.41383e-10    0.0303891 
   3.76558e-10    0.0289349 
   4.15358e-10    0.0275504 
   4.58155e-10    0.0262321 
   5.05362e-10    0.0249768 
   5.57433e-10    0.0237817 
   6.14869e-10    0.0226437 
   6.78223e-10    0.0215602 
   7.48105e-10    0.0205285 
   8.25188e-10    0.0195462 
   9.10213e-10    0.0186109 
      1.004e-9    0.0177203 
    1.10745e-9    0.0168724 
    1.22155e-9    0.0160651 
    1.34742e-9    0.0152963 
    1.48625e-9    0.0145644 
    1.63939e-9    0.0138675 
    1.80831e-9    0.0132039 
    1.99463e-9    0.0125721 
    2.20016e-9    0.0119705 
    2.42685e-9    0.0113977 
    2.67691e-9    0.0108523 
    2.95273e-9     0.010333 
    3.25697e-9   0.00983857 
    3.59256e-9   0.00936778 
    3.96272e-9   0.00891952 
    4.37103e-9   0.00849272 
    4.82141e-9   0.00808633 
    5.31819e-9    0.0076994 
    5.86616e-9   0.00733097 
    6.47059e-9   0.00698018 
     7.1373e-9   0.00664617 
    7.87271e-9   0.00632815 
    8.68389e-9   0.00602534 
    9.57865e-9   0.00573702 
    1.05656e-8    0.0054625 
    1.16543e-8   0.00520111 
    1.28551e-8   0.00495224 
    1.41796e-8   0.00471527 
    1.56406e-8   0.00448964 
    1.72522e-8    0.0042748 
    1.90298e-8   0.00407025 
    2.09906e-8   0.00387548 
    2.31534e-8   0.00369004 
    2.52419e-8   0.00353409 
       2.53e-8   0.00353003 
    2.79068e-8   0.00336111 
    3.07823e-8   0.00320028 
     3.3954e-8   0.00304715 
    3.74525e-8   0.00290134 
    4.13115e-8   0.00276251 
    4.55681e-8   0.00263033 
    5.02633e-8   0.00250448 
    5.54423e-8   0.00238467 
    6.11549e-8   0.00227061 
    6.74561e-8   0.00216204 
    7.44066e-8    0.0020587 
    8.20732e-8   0.00196033 
    9.05297e-8   0.00186668 
    9.98577e-8   0.00177751 
    1.10147e-7   0.00169257 
    1.21496e-7   0.00161166 
    1.34014e-7   0.00153458 
    1.47823e-7   0.00146115 
    1.63054e-7   0.00139121 
    1.79855e-7    0.0013246 
    1.98386e-7   0.00126121 
    2.18827e-7   0.00120088 
    2.41375e-7   0.00114345 
    2.66245e-7   0.00108876 
    2.93678e-7   0.00103668 
    3.23938e-7  0.000987032 
    3.57316e-7  0.000939751 
    3.94132e-7  0.000894776 
    4.34743e-7   0.00085199 
    4.79537e-7  0.000811243 
    5.28947e-7  0.000772436 
    5.83448e-7  0.000735517 
    6.43565e-7  0.000700283 
    7.09876e-7  0.000666726 
     7.8302e-7  0.000634858 
      8.637e-7  0.000604461 
    9.52693e-7  0.000575514 
    1.05086e-6  0.000548019 
    1.15913e-6  0.000521865 
    1.27857e-6  0.000496851 
     1.4103e-6  0.000473103 
    1.55562e-6  0.000450464 
     1.7159e-6  0.000428812 
    1.89271e-6  0.000408311 
    2.08772e-6  0.000388768 
    2.30284e-6   0.00037022 
    2.55803e-6  0.000351199 
    2.82161e-6  0.000334479 
    3.11233e-6  0.000318491 
    3.43302e-6  0.000303148 
    3.81327e-6  0.000287661 
    4.23585e-6  0.000272928 
     4.6723e-6  0.000259936 
    5.18982e-6  0.000246538 
    5.80533e-6  0.000233174 
    6.49383e-6  0.000220445 
    7.11311e-6  0.000210609 
    7.84603e-6   0.00020057 
    8.65446e-6  0.000190948 
    9.47932e-6  0.000182456 
    1.03833e-5  0.000174345 
    1.12938e-5  0.000167217 
    1.24575e-5  0.000159167 
    1.36448e-5  0.000152098 
    1.50508e-5  0.000144817 
    1.67187e-5  0.000137368 
    1.83121e-5  0.000131288 
     1.9918e-5  0.000125886 
    2.16646e-5  0.000120696 
    2.34005e-5  0.000116164 
    2.58116e-5  0.000110545 
    2.84711e-5  0.000105316 
     3.0537e-5  0.000101693 
    3.34475e-5     9.712e-5 
    3.63806e-5   9.31463e-5 
    3.92956e-5   8.96177e-5 
    4.27415e-5   8.59234e-5 
    4.64895e-5   8.24077e-5 
    5.12797e-5   7.84283e-5 
    5.53858e-5   7.55121e-5 
    5.98236e-5   7.26268e-5 
    6.64498e-5   6.88991e-5 
    7.22769e-5   6.60818e-5 
    7.80682e-5   6.35808e-5 
    8.61121e-5   6.05319e-5 
    9.43195e-5   5.78448e-5 
   0.000101163   5.58632e-5 
   0.000110811   5.35595e-5 
   0.000123953   5.08409e-5 
   0.000135767   4.87388e-5 
   0.000149756   4.65655e-5 
   0.000166351   4.43397e-5 
   0.000180939   4.26526e-5 
   0.000196806   4.10188e-5 
   0.000214064   3.94455e-5 
   0.000231204    3.8063e-5 
   0.000256826   3.62384e-5 
   0.000277391   3.49846e-5 
   0.000299617   3.37419e-5 
   0.000332803   3.21296e-5 
   0.000361988   3.09071e-5 
   0.000390992   2.98169e-5 
   0.000428258   2.85831e-5 
   0.000462572   2.75808e-5 
   0.000513808   2.62591e-5 
   0.000554977   2.53501e-5 
   0.000599416   2.44502e-5 
   0.000665842   2.32813e-5 
   0.000724231   2.23955e-5 
   0.000782222   2.16078e-5 
   0.000862819   2.06434e-5 
   0.000938481    1.9853e-5 
    0.00100658   1.92225e-5 
     0.0011499   1.82529e-5 
    0.00127726   1.75215e-5 
    0.00143882   1.67277e-5 
    0.00162074   1.59657e-5 
     0.0017753   1.54118e-5 
    0.00197194   1.47875e-5 
    0.00202797   1.46507e-5 
    0.00232965    1.4089e-5 
    0.00260594   1.36515e-5 
    0.00290388   1.32396e-5 
    0.00328849   1.27815e-5 
    0.00370395   1.23596e-5 
    0.00414268   1.19746e-5 
    0.00463166   1.16028e-5 
         0.005   1.13499e-5 
    0.00661692   1.09761e-5 
    0.00795047   1.07384e-5 
     0.0097981   1.04668e-5 
          0.01   1.04405e-5 
     0.0152753   1.06521e-5 
          0.02   1.07978e-5 
     0.0248051   1.13377e-5 
     0.0286463   1.17123e-5 
     0.0340892    1.2189e-5 
     0.0414268   1.27447e-5 
     0.0503527   1.33408e-5 
       0.06115   1.42944e-5 
     0.0736306   1.52768e-5 
     0.0843447   1.60332e-5 
     0.0990013   1.69856e-5 
      0.121449   1.82106e-5 
      0.147261   1.94497e-5 
      0.168689   2.03692e-5 
      0.198003   2.15246e-5 
           0.2   2.15996e-5 
       0.38425   2.18769e-5 
       0.53255   2.20065e-5 
       1.15038   2.21014e-5 
         4.812   2.21363e-5 
       4.96456    0.0573298 
             5     0.057705 
       5.00583    0.0577668 
       5.04711    0.0601798 
       5.08838    0.0643442 
       5.12966    0.0700354 
       5.21221    0.0850995 
       5.29476     0.103576 
       5.45986     0.143578 
       5.47474     0.146811 
       5.54241     0.161513 
       5.64109     0.178545 
       5.72187     0.192487 
       5.79737     0.208958 
       5.81878     0.213629 
             6     0.254708 
       6.01259     0.257562 
        6.1095     0.274685 
       6.18075     0.282121 
       6.20641     0.284816 
       6.27284     0.285047 
       6.30331     0.285154 
       6.40022     0.272813 
       6.51507     0.241003 
       6.55808     0.225834 
       6.62993     0.200494 
       6.74478     0.163887 
       6.77544        0.157 
       6.80221     0.150986 
       6.85963     0.143785 
       6.89911      0.14292 
       6.93859     0.145359 
             7     0.155823 
       7.01756     0.158816 
       7.09652     0.181482 
       7.17548     0.210685 
       7.26547      0.24905 
       7.27371     0.253751 
        7.3334     0.287798 
       7.44282     0.346104 
       7.49132     0.371618 
       7.52722     0.383035 
       7.56311     0.385726 
       7.56985     0.384682 
       7.60671     0.378971 
       7.61858     0.376261 
       7.63489     0.374443 
       7.64141     0.373185 
       7.64234     0.373005 
       7.66609     0.371645 
       7.68984     0.372933 
       7.70667     0.375843 
       7.73734     0.384438 
       7.74257     0.386307 
       7.77846     0.404928 
       7.78485     0.409883 
       7.83235     0.445775 
       7.83588      0.44803 
       7.87985     0.486435 
         7.887      0.49115 
       7.89331     0.495311 
       7.92736     0.522427 
       7.95111     0.536088 
       7.97486     0.545478 
       8.00816     0.554202 
       8.06559     0.564739 
        8.1142     0.564136 
       8.12302     0.563927 
       8.13041     0.561509 
       8.17009     0.548527 
       8.18044     0.545142 
       8.23787     0.502745 
       8.25355     0.489139 
       8.29302     0.456756 
       8.32322      0.43231 
       8.33478     0.423661 
       8.39289     0.391773 
       8.43168     0.373729 
       8.46256     0.364388 
       8.47238     0.362169 
       8.49739      0.35652 
       8.52858       0.3513 
       8.53224     0.351148 
        8.6255     0.349404 
       8.65258     0.351306 
       8.67244     0.353068 
        8.7224     0.357508 
       8.72474     0.357838 
       8.77292     0.364629 
       8.81931     0.373334 
       8.83309     0.375981 
       8.89326     0.390465 
       8.95343     0.408665 
             9     0.426241 
       9.01313     0.431075 
        9.0136     0.431225 
       9.05794     0.450447 
       9.10228     0.474433 
       9.17105     0.514594 
       9.19095     0.526546 
       9.21447      0.53891 
       9.23528     0.549854 
       9.27962     0.567472 
       9.32396     0.576771 
       9.32897     0.576587 
        9.3683     0.578633 
        9.4443     0.567231 
       9.48689     0.557002 
           9.5     0.555319 
       9.52031      0.55273 
       9.56586     0.544593 
       9.64482     0.538275 
       9.67232      0.53538 
       9.70224     0.534831 
       9.70398     0.534548 
       9.73566      0.53372 
        9.7565     0.536078 
       9.75967     0.536438 
       9.79899     0.534429 
       9.80808     0.534665 
       9.86233     0.536077 
       9.87452     0.535747 
       9.92567     0.527391 
            10     0.507083 
       10.0333     0.500601 
       10.1042     0.483229 
       10.1411     0.476928 
          10.2     0.466863 
        10.247     0.459311 
       10.2478     0.459174 
       10.2487     0.459112 
       10.2842      0.45813 
       10.2985     0.457733 
       10.3564     0.456166 
       10.3914     0.456388 
       10.4292     0.459742 
       10.4362     0.460357 
       10.4503     0.461607 
          10.5     0.490808 
       10.5654     0.497263 
       10.5834      0.49913 
       10.6228     0.503214 
       10.6785     0.508927 
       10.7327     0.515431 
         10.75     0.517502 
       10.7744     0.520943 
          10.8     0.525134 
       10.8098     0.524324 
       10.8405     0.521738 
       10.8842     0.522377 
       10.9656      0.52357 
       10.9834     0.522828 
            11     0.522603 
       11.0879     0.522162 
       11.1092      0.52258 
       11.1552     0.520058 
       11.1924     0.518018 
          11.2     0.517774 
        11.236     0.517883 
       11.2528     0.517933 
       11.3729     0.514633 
       11.3826     0.514368 
       11.3945      0.51638 
          11.5     0.534226 
       11.5552     0.530935 
       11.5995     0.528302 
       11.6168     0.527269 
       11.6835     0.523617 
       11.7631     0.521466 
       11.9246     0.517104 
       11.9291     0.517578 
            12     0.525119 
       12.0412     0.522441 
       12.0974     0.518296 
       12.1142     0.517052 
       12.2425     0.510306 
       12.2533     0.509741 
       12.4153     0.499199 
       12.4655      0.49593 
       12.4666     0.495839 
          12.5     0.497458 
       12.5448     0.494696 
       12.5904     0.492558 
       12.6156     0.491379 
       12.6777     0.488469 
       12.7936     0.480437 
       12.8899     0.473759 
          12.9     0.473027 
       12.9741     0.467886 
       12.9755     0.467787 
            13     0.466313 
       13.0087     0.465738 
       13.0581      0.46394 
       13.1274      0.46142 
       13.2423     0.459185 
       13.2874     0.458307 
         13.31     0.457869 
       13.3649     0.460424 
       13.4749     0.466995 
       13.4963     0.468273 
          13.5     0.468394 
       13.5208     0.468964 
       13.5507     0.469784 
       13.6024     0.473465 
        13.645     0.476901 
       13.7045     0.481729 
       13.7116     0.482149 
       13.7583     0.484932 
       13.8369     0.489611 
         13.84     0.489784 
       13.9524     0.496822 
            14     0.499801 
       14.0927     0.504877 
       14.0993     0.508966 
       14.1414     0.512031 
       14.2676     0.521221 
        14.315     0.524147 
       14.3249     0.524727 
        14.329     0.524964 
       14.4841     0.529504 
          14.5     0.529968 
       14.5479     0.531716 
       14.5644     0.531964 
       14.6347     0.533023 
       14.6983     0.537429 
       14.7699     0.542057 
       14.7806      0.54275 
         14.79     0.543358 
       14.8866     0.548502 
       14.9248     0.550536 
       14.9891     0.550385 
       14.9965     0.550368 
            15     0.550278 
       15.0473     0.549135 
       15.0721     0.548595 
       15.0969     0.548075 
       15.1217     0.547576 
       15.1465     0.547095 
       15.1768      0.54654 
       15.1962     0.547264 
       15.2116     0.547859 
       15.2152     0.547997 
       15.2247     0.548423 
       15.2458     0.549368 
        15.345     0.553958 
       15.4329     0.558141 
       15.4395     0.558409 
       15.4442       0.5586 
       15.4869     0.560351 
          15.5      0.56089 
       15.5206     0.561921 
       15.6427      0.55889 
       15.6682     0.558229 
       15.7188     0.556919 
        15.732      0.55744 
       15.7419     0.557894 
       15.8412     0.562269 
         15.85     0.562644 
       15.8886     0.564407 
       15.8938     0.564643 
            16      0.56578 
       16.0269     0.566073 
       16.0758     0.566582 
       16.1164     0.566882 
       16.2127     0.562192 
       16.2257     0.561552 
       16.2489     0.560415 
       16.2608     0.559908 
       16.3081     0.560339 
       16.3985      0.56116 
          16.5     0.562061 
       16.5382     0.562255 
       16.5843     0.562489 
       16.6505     0.562659 
       16.7122     0.562819 
       16.7448     0.560334 
       16.7657     0.558694 
       16.8028     0.556027 
       16.8854     0.552999 
       16.9052     0.552271 
            17     0.548961 
       17.0657     0.546822 
       17.1459     0.544516 
       17.2261      0.54252 
       17.2398     0.542185 
         17.27      0.54145 
       17.2825     0.541133 
       17.3449     0.539971 
       17.3615     0.540529 
       17.3781     0.541136 
       17.3914     0.541581 
          17.5     0.545207 
       17.5301     0.546161 
       17.6368     0.549145 
        17.683     0.550439 
       17.6884     0.550607 
       17.7994     0.547396 
       17.8342     0.546364 
       17.8856     0.544676 
       17.8869     0.544632 
       17.9038     0.548886 
            18     0.546988 
       18.0044     0.546899 
       18.1371     0.544749 
       18.1379     0.544717 
       18.1382     0.544706 
       18.3162     0.537554 
       18.3259     0.537193 
       18.3938      0.53491 
       18.4289      0.53373 
       18.4422     0.534057 
       18.4747      0.53483 
       18.4866     0.535114 
          18.5     0.535469 
       18.5857     0.537568 
       18.6473     0.535739 
       18.6871     0.534674 
       18.7353      0.53332 
        18.808     0.531281 
        18.932     0.528195 
       18.9687     0.527261 
        18.971     0.527211 
       18.9997     0.529132 
            19     0.529154 
       19.0343     0.531313 
       19.0954     0.530288 
       19.1295     0.529729 
       19.1769     0.529125 
       19.2677     0.527986 
       19.2902     0.527704 
       19.4219     0.526564 
       19.4509     0.526299 
        19.483     0.526138 
          19.5     0.525492 
        19.513      0.52491 
       19.5396     0.524756 
       19.5581     0.524648 
       19.6116     0.524336 
       19.7132     0.524186 
       19.7723     0.524024 
        19.834     0.523658 
         19.88     0.523385 
            20     0.522826 
