         1e-11      78.1607 
   1.10304e-11      74.4327 
   1.21669e-11      70.8836 
   1.34206e-11       67.505 
   1.48034e-11      64.2887 
   1.63287e-11      61.2271 
   1.80111e-11      58.3126 
   1.98669e-11      55.5384 
   2.19139e-11      52.8977 
   2.41719e-11      50.3843 
   2.66625e-11       47.992 
   2.94097e-11      45.7151 
     3.244e-11      43.5482 
   3.57825e-11      41.4859 
   3.94694e-11      39.5234 
   4.35362e-11       37.656 
   4.80221e-11      35.8791 
   5.29701e-11      34.1884 
    5.8428e-11        32.58 
   6.44483e-11      31.0499 
   7.10888e-11      29.5945 
   7.84136e-11      28.2102 
   8.64931e-11      26.8937 
   9.54051e-11      25.6418 
   1.05235e-10      24.4516 
   1.16078e-10      23.3202 
   1.28039e-10      22.2448 
   1.41231e-10      21.2228 
   1.55784e-10      20.2518 
   1.73047e-10      19.2652 
   1.92215e-10       18.332 
   2.13515e-10       17.449 
   2.37165e-10      16.6144 
   2.63447e-10      15.8252 
   2.92627e-10      15.0798 
   3.25056e-10      14.3756 
    3.6106e-10      13.7111 
   4.01072e-10       13.084 
   4.45496e-10      12.4929 
   4.94865e-10      11.9357 
   5.49678e-10      11.4113 
   6.10592e-10      10.9177 
   6.78223e-10      10.4539 
   7.53382e-10      10.0182 
    8.3683e-10      9.60959 
   9.36077e-10      9.20193 
    1.04709e-9      8.82209 
    1.17128e-9      8.46868 
    1.31019e-9      8.14042 
    1.46558e-9      7.83603 
    1.65096e-9      7.53738 
     1.8597e-9      7.26305 
    2.09493e-9      7.01145 
    2.37644e-9      6.76853 
    2.69579e-9      6.54822 
    3.07947e-9      6.33858 
    3.51794e-9      6.15067 
    4.04698e-9      5.97461 
    4.68819e-9      5.81166 
    5.46931e-9      5.66265 
    6.42558e-9      5.52806 
    7.65518e-9      5.40341 
     9.2492e-9      5.29054 
    1.13322e-8       5.1906 
    1.41796e-8      5.10136 
    1.82466e-8      5.02216 
    2.43176e-8      4.95322 
    2.52419e-8      4.94563 
       2.53e-8      4.94517 
    3.54114e-8       4.8883 
    5.31604e-8      4.84079 
    8.80284e-8      4.80324 
    1.73669e-7      4.77501 
    4.89733e-7      4.75629 
    4.73822e-6      4.74706 
     0.0933291      4.41772 
      0.172558      4.16974 
      0.258918      3.92769 
      0.328545      3.75362 
       0.41717      3.54809 
      0.517835       3.3391 
       0.62128      3.14631 
      0.724794      2.97204 
      0.828536      2.81335 
      0.932103      2.66866 
       1.02842       2.5454 
       1.16622       2.3833 
       1.31834      2.22384 
       1.47046      2.08145 
       1.62257      1.95435 
       1.77469      1.84145 
        1.9134      1.74987 
             2      1.69945 
          2.02       1.6923 
          2.03      1.69239 
          2.04      1.69971 
          2.05      1.72853 
          2.06       1.8452 
        2.0615      1.88598 
        2.0625      1.92038 
        2.0635      1.96238 
         2.064      1.98592 
         2.065      2.04337 
         2.066      2.11533 
         2.067      2.20657 
         2.068      2.32371 
         2.069      2.47603 
          2.07      2.67648 
       2.07075      2.87305 
         2.071      2.94266 
       2.07175       3.2044 
         2.072      3.29691 
       2.07275       3.6417 
         2.073      3.76265 
       2.07375      4.19982 
         2.074      4.35044 
         2.075      5.02447 
       2.07575      5.50576 
         2.076      5.65598 
        2.0765      5.85531 
       2.07694      6.01507 
       2.07706      6.03563 
       2.07713      6.03687 
       2.07787      5.99941 
         2.078      5.98046 
       2.07825      5.88741 
         2.079      5.55953 
        2.0805      4.66874 
         2.081      4.37309 
         2.082      3.86576 
         2.083      3.45955 
         2.084      3.14251 
         2.085       2.8963 
         2.086      2.70406 
         2.087      2.55246 
         2.088      2.43146 
         2.089      2.33371 
          2.09      2.25377 
         2.091      2.18764 
         2.092      2.13235 
         2.093      2.08568 
        2.0945      2.02862 
         2.096      1.98387 
         2.097      1.95643 
        2.0995      1.90465 
           2.1      1.89603 
          2.11      1.78987 
          2.12      1.74157 
          2.13      1.71398 
          2.14      1.69572 
          2.16      1.67198 
          2.19      1.64968 
          2.25      1.62192 
       2.31622      1.60364 
       2.36658      1.59551 
           2.4      1.59246 
          2.45      1.59365 
           2.5      1.60156 
          2.55      1.61764 
           2.6        1.644 
          2.65      1.68378 
           2.7      1.74201 
          2.73      1.78997 
          2.75      1.82855 
          2.76      1.84944 
          2.78      1.89914 
         2.803      1.97075 
         2.808      1.99326 
        2.8105      2.01481 
         2.811      2.02183 
         2.812      2.04733 
       2.81288      2.10192 
         2.813      2.11809 
       2.81312      2.14599 
       2.81378      2.33712 
       2.81384      2.36255 
       2.81389      2.38992 
       2.81394      2.42983 
       2.81398      2.48712 
       2.81403      2.56457 
       2.81408      2.66161 
       2.81413      2.77452 
       2.81419      2.94105 
        2.8145      3.83257 
       2.81478      4.63415 
       2.81484       4.7974 
       2.81489      4.90161 
       2.81494      4.97825 
       2.81498      5.01673 
         2.815      5.01981 
       2.81505      4.99913 
       2.81509      4.93754 
       2.81512      4.87837 
       2.81519      4.73166 
       2.81531      4.39264 
       2.81578       3.0845 
       2.81588       2.8371 
       2.81592      2.72672 
       2.81597      2.63163 
       2.81602      2.55532 
       2.81606      2.49839 
       2.81611      2.45814 
       2.81616      2.42994 
       2.81625      2.39173 
       2.81687      2.19293 
         2.817      2.16238 
       2.81713      2.14494 
         2.818      2.08844 
         2.819      2.06592 
        2.8205      2.05605 
         2.821      2.05493 
       2.82475        2.061 
         2.836       2.1074 
          2.85      2.18219 
          2.86      2.24568 
          2.87      2.31932 
          2.88      2.40538 
          2.89      2.50669 
           2.9      2.62645 
          2.91      2.76726 
         2.925      3.01126 
          2.93      3.09452 
         2.935       3.1671 
          2.94      3.21817 
         2.945      3.23045 
          2.95      3.18229 
         2.955      3.05321 
          2.96      2.83475 
         2.965      2.54177 
          2.97      2.21316 
         2.975       1.8968 
          2.98      1.62932 
         2.985      1.42647 
          2.99      1.28645 
         2.995      1.19848 
         2.998      1.16531 
             3      1.14995 
          3.01      1.12793 
          3.02      1.15844 
          3.03      1.21058 
          3.06      1.38943 
          3.08      1.49954 
           3.1      1.59942 
          3.15      1.81692 
           3.2      2.00592 
          3.25      2.17522 
           3.3       2.3245 
          3.35      2.44935 
           3.4      2.54459 
          3.45      2.60651 
           3.5      2.63401 
          3.55      2.62908 
           3.6      2.59611 
          3.65      2.54082 
           3.7      2.46925 
          3.75      2.38688 
         3.975      1.98156 
         4.025      1.89838 
          4.05      1.85858 
           4.1      1.79794 
          4.15      1.80091 
           4.2      2.00167 
        4.2135       2.0758 
       4.23285      2.15003 
        4.2393      2.17323 
        4.2534      2.21009 
        4.2674      2.22409 
       4.28145      2.21536 
        4.2955      2.18413 
        4.3799      1.92479 
         4.408        1.844 
        4.4487      1.74511 
        4.4894       1.6668 
          4.53      1.60179 
        4.5707      1.54279 
        4.6034      1.49979 
         4.636      1.46309 
       4.73456      1.36577 
        4.7873       1.3117 
         4.812        1.293 
       4.83549      1.26794 
       4.86336      1.25023 
       4.89122      1.19749 
       4.89882      1.19282 
       4.90529      1.20785 
       4.91176      1.21339 
        4.9247      1.22063 
         4.928      1.23907 
        4.9326      1.31076 
       4.93374      1.35826 
        4.9339      1.36781 
       4.93425      1.39861 
       4.93451        1.426 
       4.93475      1.46057 
       4.93505      1.51454 
        4.9352      1.54393 
       4.93564      1.64141 
        4.9359      1.70639 
       4.93616      1.78483 
        4.9366      1.92057 
       4.93685      1.98644 
         4.937       2.0128 
       4.93714      2.02206 
       4.93717      2.02233 
       4.93734      2.01592 
       4.93745      2.00436 
       4.93767       1.9669 
       4.93784      1.92978 
       4.93798      1.89042 
       4.93822      1.80447 
       4.93904      1.50376 
        4.9392      1.44928 
       4.93939      1.39638 
       4.93958      1.35052 
       4.93975      1.31483 
        4.9399      1.29142 
       4.94005       1.2739 
       4.94018      1.26418 
       4.94044      1.25675 
        4.9428      1.21538 
        4.9455      1.18799 
        4.9482       1.1774 
        4.9509      1.17974 
        4.9551      1.17922 
        4.9636       1.1502 
        4.9753      1.16364 
        4.9828       1.1442 
         5.025      1.12065 
         5.075      1.09893 
       5.15233      1.05361 
         5.175      1.03949 
        5.2027      1.02831 
       5.23855     0.994057 
        5.2613     0.977513 
        5.3105     0.941827 
        5.3274     0.934124 
        5.3331     0.951404 
        5.3388      1.00359 
        5.3445      1.08788 
        5.3502      1.20215 
        5.3548      1.36689 
        5.3593      1.58752 
        5.3639      1.76237 
        5.3662      1.80027 
       5.36848      1.78682 
        5.3735      1.68068 
        5.3836      1.43831 
        5.3887      1.34235 
        5.3992      1.21242 
        5.4097      1.13407 
        5.4202      1.08922 
        5.4308       1.0603 
        5.4474      1.02498 
         5.464      1.00195 
        5.4805     0.987249 
         5.525     0.955771 
         5.575      0.93034 
         5.625     0.907807 
         5.675      0.89125 
         5.725     0.879146 
         5.775     0.871708 
         5.875     0.850576 
         6.025     0.840942 
        6.1111      0.84642 
        6.1312     0.869709 
        6.1513     0.880372 
        6.1714     0.897035 
        6.1915     0.938465 
        6.2099     0.980849 
         6.219      1.01271 
        6.2282      1.06829 
        6.2362      1.13885 
        6.2441      1.22874 
        6.2521      1.34277 
        6.2601      1.48625 
        6.2687      1.72624 
        6.2773      2.02767 
        6.2858      2.27725 
        6.2901      2.34694 
        6.2944       2.3607 
        6.2994      2.30156 
        6.3044      2.18144 
         6.317      1.75244 
        6.3245      1.49291 
        6.3296      1.36793 
        6.3346      1.30182 
        6.3384      1.27992 
        6.3423      1.26471 
        6.3461       1.2616 
        6.3506      1.27745 
        6.3551      1.28715 
       6.36046      1.25832 
        6.3707      1.13317 
         6.381     0.982884 
        6.3862     0.926234 
        6.3913     0.896307 
       6.40022     0.878577 
        6.4233     0.836833 
        6.4552     0.805155 
        6.4871     0.792675 
       6.51507     0.792335 
       6.51875     0.792554 
         6.535     0.751777 
       6.55498     0.634698 
        6.5669     0.563215 
        6.5749     0.530643 
        6.5829     0.516575 
        6.5968     0.516379 
        6.6107     0.528305 
        6.6246     0.556989 
       6.64345     0.624056 
        6.6485     0.641311 
        6.6585     0.658747 
        6.6786     0.659373 
        6.6987     0.643376 
        6.7188     0.645498 
        6.7378      0.65481 
       6.76615     0.643583 
        6.7756     0.639252 
       6.80221     0.643689 
        6.8659     0.640723 
       6.89911     0.633805 
       6.93859      0.62106 
         6.975     0.604981 
        7.0184     0.573561 
        7.0529     0.567655 
        7.0873     0.559129 
        7.1218     0.555261 
       7.15555     0.566596 
        7.1893     0.594614 
        7.2223      0.65106 
        7.2553     0.762403 
        7.2718     0.845631 
        7.2883     0.950572 
        7.3084      1.11961 
        7.3285      1.30356 
        7.3486      1.44787 
        7.3687      1.49725 
       7.41715      1.44697 
        7.4333      1.42899 
        7.4656      1.40005 
        7.5281      1.37836 
       7.56311      1.34715 
        7.5884      1.32984 
       7.61846      1.33103 
        7.6365      1.34875 
        7.6544      1.38528 
        7.6724      1.44452 
        7.6903      1.53211 
        7.7025      1.64494 
        7.7147       1.8022 
        7.7269      1.94171 
        7.7391      2.00127 
       7.76197       1.9355 
       7.79537      1.73485 
        7.8059      1.67052 
        7.8281      1.59937 
        7.8626      1.54997 
        7.8971      1.47435 
        7.9315      1.39183 
       7.95856        1.344 
         7.966      1.33189 
        7.9947      1.31428 
       8.03014      1.32544 
        8.0732      1.35299 
        8.0808       1.3586 
       8.11723      1.30931 
        8.1526      1.17898 
       8.18044      1.05364 
        8.1885      1.02068 
        8.2244     0.905124 
       8.25803     0.849595 
        8.2782     0.817245 
        8.3321     0.773644 
        8.3859     0.749679 
       8.43569     0.741822 
       8.48058     0.734343 
       8.51542     0.728744 
       8.53224     0.726661 
        8.5575     0.720167 
        8.6255      0.71692 
          8.75     0.701097 
         8.875     0.690729 
       8.89326     0.691679 
         8.925     0.691414 
        8.9625      0.69763 
         8.975     0.699013 
         9.025     0.715176 
       9.06647     0.740538 
         9.125     0.774374 
         9.175     0.784142 
         9.225     0.777908 
       9.23528     0.773135 
       9.27731     0.758049 
       9.34863       0.7217 
        9.3683     0.711178 
         9.425     0.690446 
        9.4443     0.687011 
         9.475     0.684334 
       9.48689     0.685185 
       9.52031     0.683895 
       9.56586     0.684177 
         9.575      0.68336 
         9.625     0.691011 
         9.675     0.704582 
       9.73566     0.706563 
       9.75967     0.703789 
         9.775     0.704488 
         9.825     0.694318 
         9.875      0.67044 
       9.92567     0.656153 
       10.0125     0.660922 
        10.025      0.66116 
       10.1042      0.66374 
        10.125     0.662983 
        10.225     0.665392 
       10.2487     0.668748 
        10.325      0.66952 
       10.3914     0.687847 
        10.425     0.693829 
       10.4503     0.706824 
          10.5     0.707557 
        10.625     0.773249 
        10.725     0.818752 
          10.8     0.848085 
        10.825     0.863504 
       10.8405     0.869638 
        10.925      0.89473 
        11.025      0.90132 
       11.1092     0.897232 
        11.125     0.897352 
          11.2     0.895038 
       11.2528     0.890824 
        11.325      0.88769 
       11.3826     0.880887 
        11.425     0.867548 
          11.5     0.831271 
        11.525     0.824891 
        11.625     0.812901 
        11.725     0.815653 
        11.825     0.839788 
        11.925       0.8918 
            12     0.927616 
        12.025     0.943828 
        12.075      0.96813 
        12.125       0.9668 
        12.225     0.903546 
        12.325     0.857209 
        12.425     0.844647 
       12.4655     0.844039 
       12.4666     0.844041 
        12.475     0.842961 
          12.5     0.843822 
       12.6764     0.869557 
        12.725     0.876656 
        12.825     0.904419 
        12.925     0.929436 
        13.025     0.942765 
       13.1274     0.941872 
        13.225     0.935288 
        13.325     0.917883 
       13.3649     0.918077 
        13.425     0.917576 
        13.525      0.92573 
        13.625     0.904032 
        13.725     0.867092 
        13.825     0.821712 
        13.925     0.804945 
        13.975     0.803322 
       14.0927     0.804795 
       14.0993     0.801171 
       14.1414     0.800047 
        14.225      0.79462 
        14.329     0.777936 
        14.425     0.771633 
        14.525     0.796783 
       14.6347     0.832798 
        14.725     0.851355 
        14.825     0.859284 
        14.925     0.851336 
        15.125       0.8831 
       15.1962     0.889564 
       15.4106     0.896474 
       15.4442     0.897557 
        15.525     0.901662 
       15.6427     0.917954 
        15.725     0.932365 
       15.8412     0.939485 
        15.925     0.941649 
        16.025     0.946175 
        16.125     0.930422 
       16.2489     0.914666 
        16.325       0.8984 
        16.425     0.887584 
        16.625     0.854141 
       16.7122     0.848407 
        16.725     0.848574 
       16.7448     0.848563 
       16.7657     0.848598 
        16.825     0.847521 
        16.925     0.842928 
       17.1459     0.850313 
       17.2261     0.852296 
        17.325     0.865341 
        17.425     0.858923 
        17.525     0.857381 
        17.625     0.863425 
       17.6884      0.86537 
       17.8869     0.883105 
       17.9038     0.880431 
        18.025     0.898943 
       18.1382     0.910455 
        18.225     0.924045 
        18.325     0.929376 
        18.425     0.922836 
        18.525     0.927861 
       18.5857     0.935556 
        18.625     0.942665 
        18.725     0.951956 
        18.825     0.952989 
        18.924     0.952214 
        18.971     0.957773 
       19.0343     0.960101 
       19.1295     0.974965 
        19.224      0.97998 
        19.424      1.01497 
       19.5239      1.02216 
       19.6239      1.03312 
        19.724      1.02727 
        19.824      1.01534 
        19.924      1.00929 
            20      1.00772 