         1e-11      53.1225 
   1.11082e-11      50.5413 
   1.23386e-11      48.1006 
    1.3649e-11      45.8803 
   1.51615e-11      43.6922 
   1.68408e-11      41.6253 
   1.87071e-11       39.672 
   2.07792e-11      37.8284 
   2.30819e-11      36.0879 
   2.56385e-11       34.447 
   2.84797e-11      32.8996 
   3.16342e-11      31.4428 
   3.51399e-11      30.0709 
   3.90321e-11      28.7813 
   4.33575e-11      27.5691 
     4.816e-11      26.4317 
   5.38717e-11      25.2963 
   6.02608e-11      24.2377 
   6.74076e-11       23.252 
   7.54021e-11      22.3357 
   8.43447e-11      21.4853 
   9.50134e-11      20.6502 
   1.07026e-10      19.8823 
   1.20564e-10      19.1773 
   1.36766e-10      18.4958 
   1.55144e-10       17.877 
   1.75992e-10      17.3168 
   2.01041e-10      16.7848 
   2.31274e-10      16.2854 
   2.67931e-10      15.8223 
   3.12572e-10      15.3984 
   3.67205e-10      15.0152 
    4.3443e-10      14.6728 
   5.21214e-10      14.3595 
   6.34156e-10      14.0791 
   7.87977e-10      13.8261 
   9.99877e-10      13.6049 
    1.31395e-9      13.4082 
    1.80089e-9      13.2389 
    2.61042e-9      13.0972 
    4.08703e-9      12.9833 
    7.30998e-9      12.8945 
    1.65896e-8      12.8314 
     2.5278e-8      12.8142 
       2.53e-8      12.8141 
    1.81123e-7      12.7829 
    7.16294e-6      12.5842 
    1.11367e-5      12.3924 
    1.37411e-5      12.1899 
    1.55876e-5      11.9693 
    1.69545e-5      11.7269 
    1.79318e-5      11.4797 
    1.87015e-5      11.2118 
    1.92329e-5       10.968 
    1.96409e-5      10.7329 
    2.00585e-5      10.4304 
    2.03414e-5      10.1764 
    2.06284e-5      9.86317 
    2.08462e-5      9.57599 
     2.1066e-5      9.22861 
    2.12146e-5      8.95195 
    2.13632e-5      8.63254 
    2.15044e-5      8.27927 
    2.16103e-5      7.97535 
     2.1722e-5      7.61085 
    2.18365e-5       7.1797 
    2.19129e-5      6.85344 
    2.19819e-5      6.52687 
    2.20436e-5      6.20587 
    2.21053e-5      5.85376 
    2.21671e-5      5.46643 
    2.22232e-5      5.07993 
    2.22737e-5      4.70118 
    2.23242e-5      4.29083 
    2.23621e-5      3.96127 
       2.24e-5      3.61275 
    2.24454e-5      3.17055 
    2.24985e-5      2.62764 
    2.25616e-5      1.97088 
    2.25818e-5      1.76968 
     2.2597e-5      1.62636 
    2.26088e-5      1.52145 
    2.26222e-5      1.41108 
    2.26323e-5      1.33686 
    2.26424e-5      1.27186 
    2.26492e-5      1.23466 
    2.26559e-5      1.20319 
    2.26635e-5      1.17565 
    2.26711e-5      1.15773 
    2.26774e-5      1.15123 
    2.26786e-5      1.15095 
    2.26837e-5      1.15349 
    2.26887e-5      1.16236 
    2.26938e-5      1.17822 
    2.26984e-5      1.19952 
    2.27026e-5      1.22501 
    2.27068e-5      1.25688 
     2.2711e-5      1.29565 
    2.27153e-5      1.34193 
    2.27195e-5      1.39636 
    2.27237e-5      1.45965 
    2.27279e-5      1.53256 
    2.27317e-5      1.60709 
    2.27352e-5      1.68583 
     2.2739e-5      1.77873 
    2.27428e-5      1.88216 
    2.27466e-5      1.99694 
    2.27504e-5      2.12394 
    2.27542e-5      2.26409 
     2.2758e-5       2.4184 
    2.27618e-5      2.58795 
    2.27652e-5      2.75453 
    2.27682e-5      2.91449 
    2.27712e-5      3.08631 
    2.27743e-5      3.27071 
    2.27773e-5      3.46844 
    2.27803e-5      3.68027 
    2.27834e-5      3.90702 
    2.27864e-5      4.14958 
    2.27903e-5      4.48393 
    2.27938e-5      4.81474 
    2.27973e-5      5.17154 
    2.28009e-5      5.55607 
    2.28044e-5      5.97009 
    2.28079e-5      6.41549 
    2.28115e-5      6.89422 
     2.2815e-5      7.40835 
    2.28186e-5      7.96003 
    2.28221e-5      8.55148 
    2.28256e-5      9.18502 
    2.28292e-5      9.86307 
    2.28327e-5      10.5881 
    2.28362e-5      11.3627 
    2.28398e-5      12.1895 
    2.28445e-5      13.3777 
    2.28492e-5      14.6701 
    2.28539e-5      16.0733 
    2.28586e-5      17.5941 
    2.28633e-5      19.2393 
    2.28681e-5      21.0158 
    2.28728e-5      22.9302 
    2.28775e-5       24.989 
    2.28822e-5      27.1985 
    2.28869e-5      29.5648 
    2.28916e-5      32.0931 
    2.28963e-5      34.7886 
    2.29011e-5      37.6553 
    2.29058e-5      40.6969 
    2.29105e-5       43.916 
    2.29176e-5      49.0805 
    2.29246e-5      54.6481 
    2.29317e-5       60.613 
    2.29388e-5       66.962 
    2.29458e-5      73.6742 
    2.29553e-5      83.1371 
    2.29671e-5      95.6546 
    2.29859e-5      116.678 
    2.30048e-5      137.767 
    2.30189e-5        152.7 
    2.30283e-5      161.857 
    2.30364e-5      169.026 
    2.30465e-5      176.926 
    2.30557e-5      182.945 
    2.30655e-5      187.981 
    2.30738e-5       191.12 
    2.30816e-5      193.056 
    2.30883e-5      193.926 
    2.30923e-5       194.11 
    2.31004e-5       193.71 
    2.31105e-5      191.831 
    2.31206e-5      188.535 
    2.31307e-5      183.981 
    2.31408e-5      178.351 
    2.31543e-5      169.522 
    2.31678e-5      159.632 
    2.32082e-5      128.046 
    2.32216e-5      118.045 
    2.32351e-5      108.694 
    2.32486e-5      100.109 
    2.32587e-5      94.2059 
    2.32688e-5      88.7664 
    2.32789e-5      83.7807 
     2.3289e-5      79.2299 
    2.32991e-5      75.0886 
    2.33092e-5      71.3273 
    2.33206e-5      67.4843 
    2.33348e-5      63.2868 
    2.33489e-5      59.6192 
    2.33607e-5      56.9121 
    2.33749e-5      54.0238 
     2.3389e-5      51.4723 
    2.34031e-5      49.2069 
    2.34186e-5      47.0038 
    2.34355e-5      44.8867 
    2.34523e-5      43.0122 
    2.34692e-5      41.3416 
    2.34944e-5      39.1514 
    2.35197e-5      37.2698 
    2.35449e-5      35.6363 
    2.35702e-5       34.205 
    2.35954e-5       32.941 
    2.36291e-5      31.4691 
    2.36628e-5      30.1962 
    2.36998e-5      28.9815 
    2.37402e-5      27.8354 
    2.37806e-5      26.8405 
    2.38211e-5      25.9688 
    2.38741e-5      24.9763 
    2.39398e-5       23.937 
    2.40054e-5      23.0616 
    2.40711e-5      22.3144 
     2.4146e-5      21.5851 
    2.42302e-5      20.8892 
    2.43144e-5      20.2965 
    2.44407e-5      19.5557 
     2.4567e-5        18.95 
    2.46932e-5      18.4455 
    2.48648e-5      17.8816 
    2.50396e-5      17.4148 
    2.53042e-5      16.8538 
    2.55714e-5      16.4135 
     2.5841e-5      16.0588 
    2.62056e-5      15.6796 
    2.65753e-5      15.3781 
    2.71403e-5      15.0257 
     2.7716e-5      14.7557 
    2.85036e-5      14.4797 
    2.95203e-5      14.2225 
    3.10031e-5      13.9632 
    3.30214e-5       13.729 
     3.5917e-5      13.5109 
    4.07436e-5      13.2816 
    5.02717e-5      12.9893 
    6.29031e-5      12.6261 
    6.88985e-5      12.3849 
    7.28697e-5      12.1585 
    7.59976e-5      11.9059 
     7.8015e-5      11.6818 
    7.95736e-5      11.4551 
    8.06864e-5      11.2503 
    8.18238e-5      10.9874 
    8.26866e-5      10.7367 
    8.35585e-5       10.419 
    8.41479e-5      10.1537 
    8.47373e-5      9.83218 
    8.52517e-5      9.49056 
    8.56374e-5      9.18491 
    8.59766e-5      8.87067 
    8.62926e-5      8.53021 
    8.66085e-5      8.13143 
    8.68191e-5      7.82552 
    8.70297e-5      7.48058 
    8.72404e-5      7.08891 
    8.73983e-5      6.75887 
    8.75668e-5      6.36647 
    8.76827e-5       6.0688 
    8.77985e-5      5.74523 
    8.79144e-5      5.39273 
    8.80197e-5      5.04443 
     8.8125e-5       4.6669 
    8.82303e-5      4.25756 
    8.83093e-5       3.9283 
    8.83725e-5      3.65068 
    8.84646e-5      3.22308 
    8.85568e-5      2.77003 
    8.86621e-5      2.22782 
    8.87674e-5      1.67853 
    8.88116e-5      1.45532 
    8.88495e-5      1.27341 
    8.88748e-5      1.15959 
    8.88938e-5      1.07951 
    8.89085e-5      1.02108 
    8.89254e-5     0.959208 
    8.89422e-5     0.903505 
    8.89549e-5     0.866447 
    8.89675e-5     0.834036 
    8.89801e-5      0.80689 
    8.89928e-5     0.785707 
    8.90022e-5     0.774207 
    8.90117e-5     0.766881 
    8.90204e-5     0.764182 
    8.90228e-5     0.764159 
    8.90323e-5     0.767346 
    8.90418e-5     0.776167 
    8.90489e-5      0.78682 
     8.9056e-5      0.80122 
    8.90631e-5     0.819654 
    8.90702e-5     0.842426 
    8.90773e-5     0.869869 
    8.90844e-5     0.902342 
    8.90915e-5     0.940237 
    8.90981e-5     0.980526 
    8.91044e-5      1.02426 
    8.91107e-5      1.07328 
     8.9117e-5      1.12799 
    8.91234e-5      1.18877 
     8.9131e-5      1.27094 
    8.91378e-5      1.35337 
    8.91447e-5      1.44476 
    8.91515e-5      1.54582 
    8.91589e-5      1.66634 
    8.91648e-5      1.77267 
    8.91708e-5      1.88806 
    8.91767e-5      2.01316 
    8.91826e-5      2.14863 
    8.91897e-5      2.32591 
     8.9196e-5        2.498 
    8.92023e-5      2.68479 
    8.92087e-5      2.88741 
     8.9215e-5      3.10701 
    8.92213e-5       3.3449 
    8.92276e-5      3.60241 
    8.92339e-5      3.88103 
    8.92403e-5      4.18233 
    8.92466e-5      4.50799 
    8.92529e-5      4.85982 
    8.92592e-5      5.23976 
    8.92661e-5      5.68545 
    8.92734e-5      6.20826 
    8.92808e-5      6.77914 
    8.92882e-5      7.40216 
    8.92956e-5      8.08166 
    8.93029e-5      8.82232 
    8.93103e-5      9.62909 
    8.93177e-5      10.5073 
    8.93235e-5      11.2511 
    8.93298e-5      12.1202 
    8.93361e-5      13.0533 
    8.93424e-5      14.0546 
    8.93487e-5      15.1283 
     8.9355e-5       16.279 
    8.93614e-5      17.5114 
    8.93677e-5      18.8303 
     8.9374e-5      20.2409 
    8.93803e-5      21.7483 
    8.93866e-5       23.358 
    8.93938e-5      25.3129 
    8.94014e-5       27.543 
     8.9409e-5      29.9477 
    8.94165e-5      32.5373 
    8.94241e-5      35.3221 
    8.94317e-5      38.3126 
    8.94393e-5      41.5195 
    8.94469e-5      44.9529 
    8.94545e-5      48.6233 
     8.9462e-5      52.5405 
    8.94696e-5      56.7143 
    8.94781e-5      61.6637 
    8.94865e-5      66.9527 
    8.94949e-5      72.5919 
    8.95033e-5      78.5904 
    8.95118e-5      84.9559 
    8.95202e-5      91.6943 
    8.95328e-5      102.509 
    8.95455e-5      114.173 
    8.95581e-5      126.677 
    8.95707e-5      139.996 
    8.95834e-5       154.09 
    8.96002e-5      173.984 
    8.96213e-5      200.353 
    8.96457e-5      232.412 
    8.96912e-5      292.935 
    8.97123e-5      319.545 
    8.97333e-5      344.099 
    8.97485e-5       360.04 
     8.9767e-5      377.082 
     8.9778e-5      385.717 
    8.97948e-5      396.697 
    8.98103e-5      404.162 
    8.98201e-5      407.511 
    8.98353e-5      410.582 
    8.98437e-5      411.165 
    8.98601e-5      410.015 
    8.98761e-5      406.069 
    8.98926e-5      399.281 
    8.99094e-5      389.673 
    8.99263e-5      377.689 
    8.99431e-5      363.677 
    8.99684e-5      339.686 
    8.99937e-5      313.299 
    9.00526e-5      249.292 
    9.00779e-5       223.23 
    9.00948e-5       206.85 
    9.01116e-5      191.421 
    9.01293e-5      176.338 
    9.01478e-5      161.819 
    9.01653e-5      149.338 
    9.01818e-5      138.664 
    9.01982e-5      128.974 
    9.02146e-5      120.215 
    9.02318e-5      111.991 
    9.02452e-5       106.17 
    9.02586e-5      100.844 
    9.02765e-5      94.4474 
    9.02944e-5       88.774 
    9.03123e-5      83.7396 
    9.03302e-5      79.2662 
    9.03481e-5      75.2825 
     9.0366e-5      71.7252 
    9.03871e-5      68.0104 
    9.04082e-5      64.7296 
    9.04292e-5      61.8163 
    9.04503e-5      59.2151 
    9.04714e-5      56.8796 
     9.0503e-5      53.7927 
    9.05346e-5      51.1163 
    9.05661e-5      48.7726 
    9.05977e-5       46.702 
    9.06399e-5       44.288 
     9.0682e-5      42.1961 
     9.0721e-5      40.4944 
    9.07747e-5      38.4476 
    9.08284e-5      36.6817 
    9.08821e-5      35.1424 
    9.09179e-5      34.2215 
    9.09895e-5      32.5892 
    9.10685e-5      31.0539 
    9.11475e-5       29.739 
    9.12265e-5      28.6004 
    9.13054e-5      27.6049 
    9.14108e-5      26.4576 
    9.15161e-5      25.4755 
    9.16214e-5      24.6256 
    9.17793e-5      23.5459 
    9.19057e-5      22.8153 
    9.20532e-5      22.0806 
    9.22006e-5      21.4473 
    9.24218e-5      20.6456 
    9.26324e-5      20.0104 
     9.2843e-5      19.4717 
    9.31589e-5      18.8015 
    9.34749e-5      18.2557 
    9.38961e-5      17.6683 
    9.42647e-5      17.2513 
    9.47386e-5      16.8119 
    9.53705e-5      16.3473 
    9.59602e-5      16.0031 
    9.68449e-5      15.5981 
    9.77295e-5      15.2855 
    9.89932e-5      14.9445 
   0.000100257      14.6857 
   0.000102279      14.3788 
   0.000104744      14.1128 
   0.000108325      13.8442 
   0.000113587      13.5797 
   0.000121332      13.3208 
    0.00013458      13.0178 
   0.000179231      12.1963 
   0.000196288      11.8077 
   0.000209436      11.4353 
   0.000220595      11.0433 
    0.00022981      10.6428 
   0.000237433      10.2389 
   0.000244034      9.81738 
   0.000249692      9.38472 
   0.000253935      9.00459 
   0.000258179      8.56423 
   0.000261951      8.10938 
    0.00026478      7.72017 
   0.000267609      7.28116 
   0.000269495      6.95607 
   0.000271381      6.60107 
   0.000273267      6.21217 
   0.000275153      5.78476 
   0.000276685       5.4054 
   0.000277864      5.09304 
   0.000279043      4.75958 
   0.000280222      4.40437 
     0.0002814      4.02606 
   0.000282579      3.62355 
   0.000283758      3.19625 
   0.000284937      2.74456 
   0.000285968      2.33097 
   0.000287147      1.84182 
   0.000288768      1.16008 
   0.000289357     0.918364 
   0.000289769     0.754758 
   0.000290064     0.642101 
   0.000290352     0.536533 
   0.000290572     0.458825 
   0.000290757     0.396838 
   0.000290919     0.344671 
   0.000291066     0.299395 
   0.000291184     0.264786 
   0.000291302     0.231734 
   0.000291412     0.202272 
   0.000291504     0.178928 
   0.000291597     0.156753 
   0.000291685     0.136631 
   0.000291759     0.120782 
   0.000291832      0.10581 
   0.000291897    0.0934617 
   0.000291948    0.0841086 
      0.000292    0.0752391 
   0.000292039    0.0689138 
   0.000292075    0.0631569 
   0.000292112    0.0576669 
   0.000292158    0.0511891 
   0.000292201    0.0456169 
    0.00029223    0.0419649 
    0.00029226    0.0385009 
   0.000292289    0.0352283 
   0.000292315    0.0325245 
   0.000292348    0.0292713 
    0.00029237    0.0272441 
   0.000292392    0.0253323 
    0.00029242    0.0231068 
   0.000292447    0.0210668 
   0.000292473    0.0193331 
   0.000292495    0.0179799 
   0.000292517    0.0167511 
   0.000292536    0.0158234 
   0.000292552     0.015064 
   0.000292569    0.0143773 
   0.000292587       0.0137 
   0.000292606    0.0131141 
   0.000292624    0.0126206 
   0.000292643    0.0122207 
   0.000292657    0.0119687 
   0.000292672    0.0117778 
   0.000292687    0.0116485 
   0.000292702    0.0115813 
    0.00029271    0.0115711 
   0.000292725    0.0116057 
   0.000292742    0.0117207 
   0.000292759     0.011927 
   0.000292775    0.0121978 
    0.00029279    0.0125156 
   0.000292805    0.0128997 
    0.00029282    0.0133505 
   0.000292836    0.0139383 
   0.000292855    0.0146925 
   0.000292873    0.0155544 
   0.000292891    0.0165251 
   0.000292912    0.0177201 
   0.000292928     0.018798 
   0.000292945    0.0199671 
   0.000292964    0.0214476 
   0.000292983     0.023055 
   0.000293006    0.0250492 
   0.000293024    0.0268409 
   0.000293042     0.028752 
   0.000293061    0.0307838 
   0.000293081    0.0331598 
   0.000293103    0.0359226 
   0.000293125     0.038866 
   0.000293147    0.0419922 
   0.000293173     0.045874 
   0.000293203    0.0506247 
   0.000293232    0.0557165 
   0.000293262    0.0611554 
   0.000293291    0.0669482 
    0.00029332    0.0731013 
    0.00029335    0.0796211 
   0.000293379    0.0865143 
   0.000293413    0.0947243 
   0.000293449     0.104424 
   0.000293486     0.114744 
   0.000293523     0.125699 
   0.000293564     0.138501 
   0.000293608     0.153388 
   0.000293652     0.169261 
   0.000293696     0.186148 
   0.000293748     0.207169 
   0.000293792     0.226352 
   0.000293836     0.246641 
   0.000293895     0.275469 
   0.000293954     0.306394 
   0.000294013     0.339496 
   0.000294072     0.374858 
   0.000294131     0.412564 
    0.00029419     0.452705 
   0.000294245      0.49263 
     0.0002943     0.534856 
   0.000294374     0.594881 
   0.000294448     0.659352 
   0.000294507     0.714274 
   0.000294573     0.779774 
   0.000294639     0.849371 
   0.000294706     0.923246 
   0.000294772      1.00159 
   0.000294838      1.08461 
   0.000294915      1.18764 
   0.000294993      1.29767 
    0.00029507      1.41507 
   0.000295148      1.54022 
   0.000295225      1.67356 
   0.000295302      1.81553 
    0.00029538      1.96659 
   0.000295457      2.12726 
   0.000295534      2.29807 
   0.000295612      2.47958 
   0.000295694      2.68567 
   0.000295787      2.93387 
    0.00029588      3.20052 
   0.000295973       3.4869 
   0.000296065      3.79439 
   0.000296158      4.12451 
   0.000296251      4.47889 
   0.000296344       4.8593 
   0.000296437      5.26764 
    0.00029653      5.70598 
   0.000296622      6.17656 
   0.000296724      6.73187 
    0.00029683      7.35954 
   0.000296936       8.0408 
   0.000297042      8.78059 
   0.000297148      9.58432 
   0.000297255      10.4581 
   0.000297361      11.4085 
   0.000297467      12.4432 
   0.000297573      13.5704 
   0.000297679      14.7997 
   0.000297785      16.1413 
   0.000297891      17.6074 
   0.000297997       19.211 
   0.000298103      20.9674 
   0.000298209      22.8937 
   0.000298315      25.0093 
   0.000298422      27.3362 
   0.000298528      29.8998 
   0.000298598      31.7544 
   0.000298669      33.7365 
    0.00029874      35.8567 
   0.000298811      38.1266 
   0.000298881      40.5592 
   0.000298976      44.0804 
   0.000299064      47.7013 
   0.000299152      51.6689 
   0.000299241      56.0247 
   0.000299329      60.8165 
   0.000299415      65.9145 
   0.000299494      71.1232 
   0.000299574      76.8316 
   0.000299653      83.1003 
   0.000299733       89.999 
   0.000299812      97.6082 
   0.000299892      106.022 
   0.000299972      115.348 
   0.000300025      122.135 
   0.000300078      129.427 
   0.000300131      137.273 
   0.000300184      145.726 
   0.000300237      154.846 
   0.000300304      167.465 
   0.000300371      181.424 
   0.000300438      196.907 
   0.000300483      208.182 
   0.000300528      220.305 
   0.000300573      233.356 
   0.000300619      247.815 
   0.000300666      263.879 
   0.000300713      281.329 
    0.00030076       300.32 
   0.000300807      321.028 
   0.000300854      343.651 
   0.000300902      368.419 
   0.000300949       395.59 
   0.000300996      425.462 
   0.000301043      458.376 
    0.00030109      494.719 
   0.000301137      534.936 
   0.000301173      567.943 
   0.000301208      603.651 
   0.000301243      642.323 
   0.000301279      684.244 
   0.000301314       729.73 
    0.00030135      779.118 
   0.000301385      832.775 
    0.00030142       891.09 
   0.000301456      954.479 
   0.000301491      1023.37 
   0.000301526      1098.22 
   0.000301562      1179.47 
   0.000301597      1267.57 
   0.000301632      1362.96 
   0.000301668      1466.02 
   0.000301703       1577.1 
   0.000301739      1696.47 
   0.000301774       1824.3 
   0.000301821      2007.94 
   0.000301868      2206.33 
   0.000301915      2418.53 
   0.000301962      2642.87 
   0.000302033      2996.58 
   0.000302168       3682.8 
   0.000302231      3987.14 
   0.000302274      4172.65 
   0.000302321      4356.34 
   0.000302368      4511.12 
   0.000302415      4632.16 
    0.00030245      4698.47 
   0.000302497      4751.78 
   0.000302538      4765.47 
   0.000302565      4757.32 
    0.00030261      4715.45 
   0.000302654      4639.67 
   0.000302698      4532.69 
   0.000302746      4386.19 
   0.000302794      4212.68 
   0.000302857      3949.31 
   0.000302953      3513.82 
   0.000303066      2986.57 
   0.000303122      2734.53 
   0.000303179      2496.45 
   0.000303228      2301.79 
   0.000303278      2121.01 
   0.000303327      1954.48 
   0.000303377       1802.1 
   0.000303426      1663.38 
   0.000303462      1572.25 
     0.0003035      1481.95 
   0.000303537      1398.35 
   0.000303575      1321.01 
   0.000303613      1249.49 
    0.00030365      1183.34 
   0.000303688      1122.14 
   0.000303745      1038.76 
   0.000303792        976.2 
   0.000303839      919.226 
   0.000303886      867.251 
   0.000303933      819.747 
    0.00030398      776.241 
   0.000304028      736.318 
   0.000304075      699.605 
   0.000304122      665.777 
   0.000304181      627.109 
    0.00030424      592.006 
   0.000304299      560.041 
   0.000304358      530.853 
   0.000304417      504.126 
   0.000304476      479.589 
   0.000304564       446.38 
   0.000304634      422.907 
   0.000304714      398.363 
   0.000304794      376.172 
   0.000304874      356.034 
   0.000304954        337.7 
   0.000305034      320.953 
   0.000305114       305.61 
   0.000305235       284.89 
   0.000305353      266.877 
    0.00030547        250.8 
   0.000305588      236.386 
   0.000305706      223.405 
   0.000305824      211.668 
   0.000305942      201.016 
    0.00030606      191.315 
   0.000306178       182.45 
   0.000306355      170.512 
   0.000306531      159.969 
   0.000306708      150.604 
   0.000306885       142.24 
   0.000307062      134.735 
   0.000307206       129.16 
   0.000307377      123.125 
   0.000307548       117.63 
   0.000307804      110.255 
   0.000308061      103.757 
   0.000308317      97.9958 
   0.000308615      92.0902 
   0.000308868      87.6276 
   0.000309122      83.6052 
   0.000309375      79.9591 
   0.000309755      75.0932 
   0.000310135      70.8393 
   0.000310515      67.0935 
   0.000310913      63.6277 
   0.000311311      60.5525 
   0.000311709      57.8075 
   0.000312107      55.3437 
   0.000312637      52.4284 
   0.000313168      49.8672 
   0.000313698      47.6008 
   0.000314229      45.5822 
   0.000314759      43.7738 
   0.000315348      41.9779 
   0.000316232      39.6209 
   0.000317116      37.5958 
   0.000318001      35.8386 
   0.000318885       34.299 
   0.000319474       33.374 
   0.000320653      31.7258 
   0.000321832      30.2987 
    0.00032301      29.0479 
   0.000324189      27.9388 
   0.000325957      26.4831 
   0.000327725      25.2159 
   0.000330083      23.7258 
   0.000334664      21.0838 
   0.000336284      20.0701 
   0.000337432      19.2447 
   0.000338367      18.4515 
   0.000339088      17.7188 
   0.000339588      17.1187 
   0.000340004      16.5372 
    0.00034042      15.8554 
   0.000340767      15.1846 
   0.000341079      14.4745 
   0.000341287      13.9288 
    0.00034153      13.1993 
   0.000341738      12.4745 
   0.000341877      11.9287 
   0.000342009      11.3549 
   0.000342134       10.754 
   0.000342259       10.089 
   0.000342384      9.35139 
   0.000342493      8.63889 
   0.000342588      7.97704 
     0.0003428      6.40549 
   0.000342851      6.05874 
   0.000342893       5.8159 
   0.000342921      5.68363 
   0.000342948      5.58405 
   0.000342969      5.53655 
    0.00034299      5.51764 
   0.000343011      5.53286 
   0.000343032       5.5885 
   0.000343045      5.65157 
   0.000343062      5.75847 
   0.000343079      5.90364 
   0.000343095       6.0919 
   0.000343108      6.26455 
    0.00034312      6.46677 
   0.000343133      6.70113 
   0.000343145      6.97027 
   0.000343158      7.27706 
    0.00034317      7.62442 
   0.000343184      8.06179 
   0.000343195      8.45355 
   0.000343206      8.88509 
   0.000343217      9.35889 
   0.000343229       9.8775 
    0.00034324      10.4435 
   0.000343251      11.0597 
   0.000343262      11.7287 
   0.000343276      12.6437 
   0.000343288      13.5462 
   0.000343301      14.5277 
   0.000343313      15.5926 
   0.000343326      16.7448 
   0.000343341      18.2781 
   0.000343355       19.797 
   0.000343369      21.4407 
   0.000343383      23.2146 
   0.000343396       25.025 
   0.000343408      26.8568 
   0.000343421       28.805 
   0.000343433      30.8733 
   0.000343449      33.5868 
   0.000343463      36.3955 
   0.000343478      39.3858 
   0.000343497      43.4502 
   0.000343511        46.64 
   0.000343528      50.6278 
   0.000343549      56.1994 
   0.000343571      62.1533 
   0.000343594      68.8092 
   0.000343617      76.0243 
   0.000343648      86.2089 
   0.000343687      99.6925 
   0.000343747      121.527 
   0.000343809      144.282 
   0.000343856      160.456 
   0.000343887      170.415 
    0.00034392      180.085 
    0.00034395      187.588 
   0.000343984      195.044 
   0.000344012      199.619 
   0.000344039        203.1 
   0.000344065      205.349 
   0.000344094      206.546 
   0.000344104      206.647 
   0.000344133      206.068 
   0.000344163      204.144 
   0.000344193      200.961 
   0.000344224      196.451 
   0.000344258      190.425 
   0.000344291      183.367 
   0.000344324      175.497 
   0.000344369      164.129 
   0.000344488      132.173 
   0.000344522      123.376 
   0.000344563      113.453 
   0.000344604      104.286 
   0.000344635      97.9557 
   0.000344666      92.1112 
   0.000344694      87.2622 
   0.000344721      82.8005 
   0.000344749      78.7128 
   0.000344777      74.9813 
   0.000344805       71.585 
   0.000344832      68.5007 
    0.00034486      65.7043 
   0.000344902      61.9958 
   0.000344944      58.7993 
   0.000344985      56.0396 
   0.000345027      53.6489 
   0.000345068      51.5681 
    0.00034511      49.7462 
   0.000345172      47.4079 
   0.000345235      45.4437 
   0.000345297      43.7689 
    0.00034536      42.3209 
   0.000345443      40.6653 
   0.000345537      39.0923 
    0.00034563      37.7541 
   0.000345755       36.248 
    0.00034588      34.9849 
   0.000346012       33.853 
   0.000346151      32.8351 
   0.000346359      31.5625 
   0.000346574       30.487 
   0.000346803      29.5392 
   0.000347108      28.5066 
   0.000347386      27.7363 
   0.000347802      26.7956 
   0.000348218      26.0404 
   0.000348773      25.2332 
   0.000349328      24.5858 
   0.000350077      23.8848 
   0.000350827      23.3204 
   0.000351881      22.6821 
   0.000352991      22.1433 
   0.000354656      21.5006 
   0.000355766      21.1461 
   0.000358208      20.5038 
   0.000360428      20.0295 
   0.000364424      19.3357 
   0.000368376      18.7748 
   0.000374495      18.0448 
    0.00039022      16.3854 
   0.000395052      15.7852 
   0.000398676      15.2308 
   0.000401394      14.7095 
   0.000403206      14.2821 
   0.000405018      13.7581 
   0.000406226      13.3332 
   0.000407434      12.8237 
    0.00040834      12.3675 
   0.000409095       11.924 
   0.000409775      11.4623 
   0.000410454      10.9251 
    0.00041102      10.4051 
   0.000411398      10.0139 
   0.000411775      9.58011 
   0.000412143      9.10941 
   0.000412502      8.59763 
   0.000412861      8.02437 
    0.00041313      7.54778 
   0.000413398      7.02548 
   0.000413587      6.62851 
   0.000413776      6.20401 
   0.000413965      5.74993 
   0.000414154      5.26444 
   0.000414304      4.85253 
   0.000414493      4.30792 
   0.000414682      3.73165 
   0.000414875      3.11336 
   0.000415163      2.17297 
   0.000415262      1.85935 
   0.000415333      1.64558 
   0.000415382      1.50502 
   0.000415424      1.39256 
   0.000415465      1.28753 
   0.000415496      1.21463 
   0.000415528      1.14766 
   0.000415558      1.08927 
   0.000415588      1.03834 
   0.000415611      1.00571 
   0.000415633      0.97845 
   0.000415658     0.955679 
   0.000415677     0.943471 
   0.000415696     0.936355 
    0.00041571     0.934647 
   0.000415724     0.936291 
   0.000415739     0.942009 
   0.000415754     0.952121 
   0.000415769     0.966965 
   0.000415784     0.986905 
   0.000415798      1.00884 
   0.000415811      1.03527 
   0.000415824      1.06649 
   0.000415837      1.10285 
   0.000415854       1.1577 
   0.000415871      1.22245 
   0.000415887       1.2935 
   0.000415901      1.36487 
   0.000415916      1.44504 
   0.000415926      1.51288 
   0.000415939      1.59669 
   0.000415953      1.70343 
   0.000415965      1.80323 
   0.000415977      1.91195 
   0.000415991      2.05213 
   0.000416005      2.20657 
   0.000416019      2.37051 
   0.000416032      2.53711 
   0.000416044      2.71818 
   0.000416058         2.93 
   0.000416072      3.16951 
   0.000416086      3.43146 
     0.0004161      3.71774 
   0.000416115      4.03032 
    0.00041613      4.39522 
   0.000416141      4.69192 
   0.000416152      5.00981 
   0.000416164      5.35026 
   0.000416176      5.74631 
   0.000416189      6.20668 
   0.000416202      6.70488 
   0.000416216      7.24371 
   0.000416229      7.82635 
   0.000416242      8.45603 
   0.000416255      9.13637 
   0.000416268      9.87105 
   0.000416283      10.7232 
   0.000416298       11.712 
   0.000416313        12.79 
   0.000416328      13.9645 
    0.00041634      14.9543 
   0.000416352      16.0995 
   0.000416365      17.3287 
   0.000416378      18.6476 
   0.000416391      20.0619 
   0.000416403      21.5776 
   0.000416418      23.3887 
   0.000416432      25.3418 
   0.000416446      27.4467 
    0.00041646      29.7131 
   0.000416474      32.1516 
   0.000416488      34.7725 
   0.000416503      37.5871 
   0.000416517      40.6065 
   0.000416531      43.8429 
   0.000416545      47.3075 
    0.00041656      51.1406 
   0.000416575      55.5186 
   0.000416591      60.2195 
   0.000416606      65.2601 
   0.000416622      70.6565 
   0.000416637      76.4248 
   0.000416652      82.3508 
   0.000416672      90.8364 
   0.000416692      100.018 
   0.000416707      107.378 
   0.000416727      117.742 
   0.000416747       128.75 
   0.000416767      140.513 
   0.000416786      153.046 
   0.000416807      166.883 
   0.000416828      182.119 
   0.000416849      198.252 
    0.00041687      215.265 
   0.000416899      239.716 
   0.000416926      264.241 
   0.000416962      298.793 
   0.000417007      344.428 
   0.000417137      481.181 
    0.00041718      523.831 
    0.00041722      562.155 
   0.000417261      596.618 
   0.000417302      626.202 
   0.000417331      644.027 
   0.000417363      659.541 
    0.00041739      669.551 
   0.000417415      676.081 
   0.000417442      680.101 
   0.000417469      680.916 
   0.000417502      677.673 
   0.000417535      669.949 
   0.000417568      658.156 
   0.000417599      642.959 
   0.000417631      624.501 
   0.000417666      601.044 
   0.000417714      563.882 
   0.000417768      517.704 
   0.000417904      396.633 
    0.00041795      358.304 
    0.00041798      334.018 
    0.00041802      303.696 
    0.00041805      282.475 
    0.00041808      262.626 
    0.00041811      244.174 
    0.00041814      227.117 
   0.000418167      212.993 
   0.000418194      199.938 
   0.000418221      187.907 
   0.000418248      176.852 
   0.000418274      166.718 
   0.000418301      157.445 
   0.000418328      148.975 
   0.000418355      141.245 
   0.000418382      134.196 
   0.000418409       127.77 
   0.000418436      121.812 
   0.000418465      116.208 
   0.000418502      109.523 
    0.00041854      103.625 
   0.000418578      98.4035 
   0.000418616      93.7645 
   0.000418653      89.6253 
   0.000418691      85.9151 
   0.000418748      81.0255 
   0.000418804      76.8032 
   0.000418861      73.1203 
   0.000418918      69.8777 
   0.000418955      67.9221 
   0.000419031      64.4235 
   0.000419101      61.5962 
    0.00041917      59.0902 
    0.00041924      56.8521 
   0.000419345      53.9085 
    0.00041945      51.3687 
   0.000419555      49.1538 
   0.000419684      46.7819 
   0.000419825      44.5527 
   0.000419967      42.6307 
   0.000420109      40.9565 
    0.00042025      39.4852 
   0.000420439      37.7803 
   0.000420628       36.313 
   0.000420816       35.037 
   0.000421099      33.4074 
   0.000421383      32.0451 
   0.000421666      30.8892 
   0.000421949      29.8957 
   0.000422232      29.0324 
    0.00042261      28.0434 
   0.000422987       27.202 
   0.000423553      26.1511 
   0.000424119      25.2918 
   0.000424497      24.8008 
   0.000425252      23.9698 
   0.000426158      23.1723 
   0.000427064      22.5297 
   0.000428272      21.8446 
    0.00042948       21.299 
   0.000431292      20.6592 
   0.000433179      20.1475 
   0.000435218      19.7128 
   0.000437936      19.2614 
    0.00044156      18.8066 
   0.000445184      18.4597 
   0.000450001      18.1042 
   0.000457525      17.6947 
   0.000457871      17.6819 
   0.000458159      17.7256 
   0.000458275       17.824 
   0.000458361      17.9812 
   0.000458448      18.2616 
   0.000458505      18.5476 
   0.000458563      18.9382 
   0.000458621      19.4564 
   0.000458664      19.9423 
   0.000458707      20.5208 
   0.000458751      21.1989 
   0.000458794       21.981 
   0.000458837      22.8689 
    0.00045888      23.8609 
   0.000458938      25.3359 
   0.000458996      26.9636 
   0.000459082       29.614 
   0.000459241      34.6527 
   0.000459317      36.8905 
   0.000459393      38.8881 
   0.000459469      40.5868 
   0.000459545      41.9626 
   0.000459621      43.0239 
   0.000459697      43.8036 
   0.000459747      44.1899 
   0.000459848      44.7118 
    0.00045995      44.9958 
   0.000460152      45.1993 
   0.000460355      45.2303 
   0.000517216       42.951 
   0.000569634      41.1415 
   0.000622819      39.5225 
   0.000686992      37.8256 
   0.000762529       36.093 
   0.000840666      34.5515 
   0.000914385      33.2744 
         0.001      31.9481 
    0.00115599      30.8231 
    0.00136187      29.5848 
    0.00159572      28.4319 
    0.00188295       27.274 
    0.00218129      26.2826 
    0.00247316      25.4712 
    0.00278336      24.7219 
    0.00314455      23.9753 
    0.00356723      23.2223 
     0.0040634      22.4739 
    0.00473109      21.6203 
    0.00534177      20.9721 
    0.00623348      20.1645 
    0.00719831      19.4433 
    0.00843555       18.675 
    0.00978539      17.9812 
     0.0101411      17.8386 
     0.0123849      17.2004 
     0.0146537      16.6809 
     0.0172636      16.1882 
     0.0201326      15.7388 
     0.0233388      15.3202 
     0.0276387      14.8526 
     0.0334235      14.3433 
     0.0390528      13.9407 
     0.0453106      13.5672 
     0.0537945      13.1468 
     0.0631026      12.7678 
     0.0740795      12.3967 
     0.0855456      12.0759 
      0.100705       11.704 
      0.114181      11.2478 
      0.127658      10.8561 
      0.145667      10.4091 
      0.164613      10.0109 
      0.183364      9.67346 
      0.207771      9.29632 
      0.237054      8.91318 
      0.265417      8.59787 
      0.296352      8.30225 
       0.33869      7.95487 
      0.388703      7.61293 
        0.4139      7.46008 
      0.459454       6.9765 
      0.496605      6.61987 
      0.548608      6.21311 
      0.597726      5.88449 
      0.630744      5.70283 
       0.68734      5.42765 
      0.754987      5.12362 
           0.8      4.94089 
      0.907046      4.68614 
             1      4.49413 
       1.06127      4.48222 
       1.09324      4.46099 
       1.24456      4.15238 
          1.25      4.14196 
       1.40864      4.15095 
        1.4277      4.14241 
           1.5      4.03066 
       1.61059      4.18939 
       1.64373      4.22679 
       1.78145      4.33966 
       1.84425      4.36985 
       1.87571      4.34895 
       1.91526      4.30142 
             2      4.10877 
             3      4.58988 
             4      4.70972 
       4.83088      4.46548 
             5      4.42095 
       5.44627      4.19948 
             6      3.95737 
       6.32268      3.76103 
       6.82928      3.48406 
       7.24013      3.28498 
        7.6231      3.11387 
             8      2.95894 
       8.34298      3.07358 
       9.05545      2.85651 
       9.26285      2.79024 
       9.62461      2.66892 
            10      2.55273 
       10.1411      2.55561 
       10.2842      2.55854 
       10.4292       2.5615 
       10.5764      2.56452 
       10.7256      2.56757 
       10.8769      2.57067 
       11.0304      2.57381 
        11.186      2.57699 
       11.3438      2.58022 
       11.5038       2.5835 
       11.6661      2.58682 
       11.8307      2.59019 
       11.9976       2.5936 
            12      2.59365 
       12.1693      2.61003 
        12.341      2.62663 
       12.5151      2.64348 
       12.6917      2.66055 
       12.8707      2.67787 
       13.0523      2.69544 
       13.2364      2.71325 
       13.4232      2.73131 
       13.6126      2.74963 
       13.8046      2.76821 
       13.9994      2.78705 
            14      2.78711 
       14.1975      2.80833 
       14.3978      2.82986 
       14.6009      2.85168 
       14.8069      2.87382 
       15.0158      2.89626 
       15.2277      2.91903 
       15.4425      2.94211 
       15.6604      2.96552 
       15.6764      2.96724 
       15.8975      2.98959 
            16      2.99995 
       16.2257       3.0146 
       16.4546      3.02945 
       16.6868      3.04451 
       16.9222      3.05979 
        17.161      3.07528 
       17.4031      3.09099 
       17.6486      3.10692 
       17.8976      3.12307 
            18      3.12972 
       18.2539      3.13105 
       18.5115      3.13239 
       18.7726      3.13375 
       19.0375      3.13514 
       19.3061      3.13654 
       19.5784      3.13796 
       19.8547       3.1394 
            20      3.14016 