         1e-11      47298.8 
   1.10304e-11      45035.5 
   1.21669e-11      42880.5 
   1.34206e-11      40828.7 
   1.48034e-11        38875 
   1.63287e-11      37014.8 
   1.80111e-11      35243.6 
   1.98669e-11      33557.1 
   2.19139e-11      31951.4 
   2.41719e-11      30422.5 
   2.66625e-11      28966.8 
   2.94097e-11      27580.7 
     3.244e-11      26260.9 
   3.57825e-11      25004.3 
   3.94694e-11      23807.8 
   4.35362e-11      22668.6 
   4.80221e-11      21583.9 
   5.29701e-11      20551.1 
    5.8428e-11      19567.7 
   6.44483e-11      18631.4 
   7.10888e-11      17739.8 
   7.84136e-11        16891 
   8.64931e-11      16082.7 
   9.54051e-11      15313.1 
   1.05235e-10      14580.4 
   1.16078e-10      13882.7 
   1.28039e-10      13218.4 
   1.41231e-10      12585.9 
   1.55784e-10      11983.7 
   1.71835e-10      11410.2 
    1.8954e-10      10864.2 
    2.0907e-10      10344.4 
   2.30612e-10      9849.38 
   2.54374e-10      9378.08 
   2.80584e-10      8929.33 
   3.09494e-10      8502.06 
   3.41383e-10      8095.23 
   3.76558e-10      7707.86 
   4.15358e-10      7339.03 
   4.58155e-10      6987.85 
   5.05362e-10      6653.48 
   5.57433e-10       6335.1 
   6.14869e-10      6031.96 
   6.78223e-10      5743.33 
   7.48105e-10       5468.5 
   8.25188e-10      5206.83 
   9.10213e-10      4957.68 
      1.004e-9      4720.45 
    1.10745e-9      4494.57 
    1.22155e-9       4279.5 
    1.34742e-9      4074.72 
    1.48625e-9      3879.74 
    1.63939e-9      3694.09 
    1.80831e-9      3517.33 
    1.99463e-9      3349.02 
    2.20016e-9      3188.77 
    2.42685e-9      3036.18 
    2.67691e-9       2890.9 
    2.95273e-9      2752.56 
    3.25697e-9      2620.85 
    3.59256e-9      2495.44 
    3.96272e-9      2376.03 
    4.37103e-9      2262.33 
    4.82141e-9      2154.08 
    5.31819e-9         2051 
    5.86616e-9      1952.86 
    6.47059e-9      1859.41 
     7.1373e-9      1770.44 
    7.87271e-9      1685.72 
    8.68389e-9      1605.05 
    9.57865e-9      1528.25 
    1.05656e-8      1455.12 
    1.16543e-8      1385.49 
    1.28551e-8      1319.19 
    1.41796e-8      1256.07 
    1.56406e-8      1195.96 
    1.72522e-8      1138.73 
    1.90298e-8      1084.24 
    2.09906e-8      1032.36 
    2.31534e-8      982.961 
    2.52419e-8      941.418 
       2.53e-8      940.336 
    2.79068e-8      895.339 
    3.07823e-8      852.496 
     3.3954e-8      811.702 
    3.74525e-8      772.861 
    4.13115e-8      735.878 
    4.55681e-8      700.665 
    5.02633e-8      667.136 
    5.54423e-8      635.213 
    6.11549e-8      604.816 
    6.74561e-8      575.875 
    7.44066e-8      548.318 
    8.20732e-8       522.08 
    9.05297e-8      497.099 
    9.98577e-8      473.313 
    1.10147e-7      450.669 
    1.21496e-7      429.112 
    1.34014e-7      408.592 
    1.47823e-7       389.06 
    1.63054e-7      370.469 
    1.79855e-7       352.77 
    1.98386e-7      335.916 
    2.18827e-7      319.862 
    2.41375e-7       304.57 
    2.66245e-7      290.002 
    2.93678e-7      276.126 
    3.23938e-7      262.907 
    3.57316e-7      250.319 
    3.94132e-7      238.338 
    4.34743e-7      226.936 
    4.79537e-7      216.081 
    5.28947e-7      205.746 
    5.83448e-7      195.903 
    6.43565e-7      186.522 
    7.09876e-7       177.59 
     7.8302e-7      169.092 
      8.637e-7      160.998 
    9.52693e-7      153.292 
    1.05086e-6      145.965 
    1.15913e-6       138.99 
    1.27857e-6      132.336 
     1.4103e-6      126.005 
    1.55562e-6       119.97 
     1.7159e-6      114.213 
    1.89271e-6      108.745 
    2.08772e-6      103.542 
    2.30284e-6      98.5963 
    2.54012e-6      93.8702 
    2.80184e-6      89.3876 
    3.11233e-6      84.8145 
    3.43302e-6      80.7372 
    3.78675e-6      76.8763 
    4.17692e-6      73.1961 
     4.6073e-6      69.7033 
    5.11762e-6       66.123 
    5.64492e-6      62.9743 
    6.22656e-6      59.9637 
    6.86813e-6      57.0745 
     7.5758e-6      54.3495 
    8.41533e-6      51.5678 
    9.28242e-6      49.0956 
    1.02389e-5       46.748 
    1.12147e-5       44.678 
    1.24575e-5      42.3817 
    1.36448e-5      40.4979 
    1.50508e-5      38.5591 
    1.67187e-5      36.5739 
    1.83121e-5      34.9518 
    2.00585e-5      33.3953 
    2.19702e-5      31.9058 
    2.40654e-5      30.4965 
    2.61757e-5      29.2223 
    2.96932e-5      27.4413 
    3.32148e-5      25.9417 
    3.63806e-5       24.793 
    3.95708e-5      23.7719 
    4.30409e-5      22.7914 
    4.64895e-5      21.9333 
    5.16389e-5      20.8014 
    5.69596e-5      19.8166 
    6.10925e-5      19.1348 
    6.69186e-5      18.2733 
    7.27868e-5      17.5252 
     7.8615e-5      16.8633 
    8.61121e-5      16.1081 
    9.43195e-5      15.3925 
    0.00010259      14.7591 
   0.000111587      14.1495 
   0.000120528      13.6167 
   0.000132015      13.0079 
   0.000143592      12.4739 
   0.000156184      11.9597 
   0.000171078      11.4252 
   0.000187384      10.9175 
   0.000203816      10.4677 
   0.000223252      10.0011 
   0.000241129      9.62483 
   0.000264124      9.19423 
   0.000287285      8.81677 
   0.000312478      8.45334 
    0.00034226      8.07574 
     0.0003749      7.71672 
   0.000407775      7.39874 
    0.00044664      7.06913 
   0.000482428      6.80299 
   0.000528408      6.49878 
   0.000570747      6.25302 
   0.000625145       5.9751 
   0.000684762      5.70806 
   0.000750027      5.45442 
   0.000815798      5.23007 
   0.000893596      4.99594 
   0.000978765      4.77423 
    0.00106459      4.57763 
     0.0011499      4.40502 
    0.00127726       4.1789 
    0.00136994      4.03731 
    0.00149007      3.86981 
    0.00166679      3.65916 
    0.00180035      3.52166 
     0.0019445      3.38843 
    0.00212994      3.23774 
    0.00233295      3.09451 
    0.00257179      2.94789 
    0.00281264      2.81957 
    0.00303786      2.71323 
     0.0033745       2.5752 
    0.00364351      2.47954 
    0.00392308      2.39033 
    0.00428916      2.28654 
    0.00469641      2.18651 
    0.00507054      2.10504 
    0.00555409      2.01262 
    0.00608345      1.92422 
    0.00661692      1.84666 
     0.0071471      1.77848 
     0.0078283      1.70063 
    0.00866569      1.61832 
    0.00929447      1.56504 
     0.0101411      1.49983 
     0.0111082      1.43678 
     0.0123323      1.36706 
       0.01351      1.30929 
     0.0149021      1.24973 
      0.016606      1.18715 
     0.0180622       1.1411 
     0.0197846      1.09242 
     0.0224459      1.03301 
     0.0249193     0.986355 
     0.0278747     0.938478 
     0.0303191     0.904453 
     0.0331531     0.872454 
      0.036416     0.839439 
     0.0402822     0.805649 
     0.0456722     0.769491 
     0.0503527     0.742421 
     0.0589555     0.706406 
     0.0612757     0.699105 
     0.0704906     0.675586 
     0.0805643     0.661481 
          0.09      0.65716 
           0.1     0.661892 
          0.11     0.676935 
          0.12     0.704204 
          0.13     0.742709 
          0.14     0.795826 
          0.15     0.896864 
          0.16      1.01474 
         0.165      1.08844 
          0.17      1.17394 
      0.174831      1.26964 
      0.179799      1.38289 
      0.184908      1.51677 
          0.19      1.66986 
         0.195      1.84036 
           0.2      2.03066 
         0.205      2.23865 
         0.219      2.85953 
         0.223      3.02092 
         0.226       3.1278 
         0.229      3.21818 
         0.232      3.28887 
         0.235      3.33706 
        0.2385       3.3627 
         0.239      3.36392 
      0.242372       3.3538 
         0.245      3.32534 
         0.248      3.26706 
         0.251      3.18619 
         0.254       3.0872 
         0.258      2.93452 
         0.273      2.30056 
         0.279      2.06825 
      0.284475      1.87818 
          0.29      1.70717 
         0.295      1.57136 
           0.3      1.45138 
          0.31      1.25249 
          0.32      1.09757 
          0.33     0.975832 
          0.34     0.879028 
      0.349661     0.802734 
          0.36     0.735765 
          0.37      0.68269 
          0.38     0.638406 
          0.39     0.601063 
           0.4      0.56927 
          0.41     0.541959 
          0.42     0.518297 
          0.43     0.497656 
          0.44     0.479515 
      0.453174      0.45893 
      0.463245     0.445046 
      0.476631     0.428814 
      0.493457     0.411341 
      0.503527     0.402303 
      0.523668     0.386294 
      0.543809     0.372795 
       0.56395     0.361268 
      0.594162     0.346792 
      0.624374     0.334987 
      0.654585     0.325219 
      0.694867     0.314478 
      0.734918     0.305774 
      0.785502     0.296752 
      0.845925     0.288058 
       0.93298     0.278172 
       1.02126     0.270089 
       1.19936     0.256273 
       1.54262     0.231138 
       1.76064     0.213721 
           1.8     0.210454 
        2.2329     0.206206 
       2.71369     0.167568 
         2.971     0.147291 
          3.34     0.124271 
        3.5246     0.116691 
       3.73526     0.112163 
        4.2627     0.102939 
          5.37    0.0756134 
        5.6467    0.0701155 
        5.9234    0.0661783 
       6.82059    0.0564576 
         7.528    0.0492082 
        8.3303    0.0425694 
        9.1326    0.0385723 
       10.0736    0.0363389 
       10.2157    0.0360016 
       10.3598    0.0356596 
        10.506    0.0353128 
       10.6542     0.034961 
       10.8045    0.0346043 
        10.957    0.0342426 
       11.1115    0.0338757 
       11.2683    0.0335037 
        11.371      0.03326 
       11.5314    0.0329521 
       11.6941    0.0326398 
       11.8591    0.0323231 
       12.0264    0.0320019 
       12.1961    0.0316762 
       12.3681    0.0313459 
       12.5426     0.031011 
       12.7196    0.0306713 
        12.899    0.0303268 
        13.081    0.0299775 
       13.2656    0.0296232 
       13.4527     0.029264 
        13.609     0.028964 
        13.801    0.0285124 
       13.9957    0.0280545 
       14.1932    0.0275901 
       14.3934    0.0271191 
       14.5965    0.0266415 
       14.8024    0.0261572 
       15.0112     0.025666 
        15.223    0.0251679 
       15.4378    0.0246628 
       15.6556    0.0241506 
        15.848     0.023698 
       16.0716    0.0229751 
       16.2983     0.022242 
       16.5283    0.0214985 
       16.7615    0.0207446 
        16.967      0.02008 
       17.2064    0.0197945 
       17.4491    0.0195049 
       17.6953    0.0192113 
        17.945    0.0189135 
       18.1981    0.0186115 
          18.2    0.0186093 
       18.4568    0.0184888 
       18.7172    0.0183667 
       18.9812    0.0182428 
        19.249    0.0181171 
       19.5206    0.0179897 
        19.796    0.0178605 
            20    0.0177648 
