         1e-11      47300.7 
   1.10304e-11      45037.4 
   1.21669e-11      42882.3 
   1.34206e-11      40830.3 
   1.48034e-11      38876.6 
   1.63287e-11      37016.3 
   1.80111e-11        35245 
   1.98669e-11      33558.5 
   2.19139e-11      31952.7 
   2.41719e-11      30423.7 
   2.66625e-11      28967.9 
   2.94097e-11      27581.8 
     3.244e-11        26262 
   3.57825e-11      25005.3 
   3.94694e-11      23808.8 
   4.35362e-11      22669.5 
   4.80221e-11      21584.8 
   5.29701e-11      20551.9 
    5.8428e-11      19568.5 
   6.44483e-11      18632.1 
   7.10888e-11      17740.6 
   7.84136e-11      16891.7 
   8.64931e-11      16083.4 
   9.54051e-11      15313.8 
   1.05235e-10        14581 
   1.16078e-10      13883.3 
   1.28039e-10        13219 
   1.41231e-10      12586.4 
   1.55784e-10      11984.1 
   1.71835e-10      11410.7 
    1.8954e-10      10864.7 
    2.0907e-10      10344.8 
   2.30612e-10      9849.79 
   2.54374e-10      9378.47 
   2.80584e-10       8929.7 
   3.09494e-10       8502.4 
   3.41383e-10      8095.56 
   3.76558e-10      7708.18 
   4.15358e-10      7339.33 
   4.58155e-10      6988.14 
   5.05362e-10      6653.75 
   5.57433e-10      6335.36 
   6.14869e-10      6032.21 
   6.78223e-10      5743.56 
   7.48105e-10      5468.73 
   8.25188e-10      5207.04 
   9.10213e-10      4957.88 
      1.004e-9      4720.64 
    1.10745e-9      4494.75 
    1.22155e-9      4279.68 
    1.34742e-9      4074.89 
    1.48625e-9       3879.9 
    1.63939e-9      3694.24 
    1.80831e-9      3517.47 
    1.99463e-9      3349.16 
    2.20016e-9       3188.9 
    2.42685e-9       3036.3 
    2.67691e-9      2891.01 
    2.95273e-9      2752.68 
    3.25697e-9      2620.96 
    3.59256e-9      2495.54 
    3.96272e-9      2376.13 
    4.37103e-9      2262.43 
    4.82141e-9      2154.17 
    5.31819e-9      2051.09 
    5.86616e-9      1952.94 
    6.47059e-9      1859.49 
     7.1373e-9      1770.51 
    7.87271e-9      1685.79 
    8.68389e-9      1605.12 
    9.57865e-9      1528.31 
    1.05656e-8      1455.18 
    1.16543e-8      1385.55 
    1.28551e-8      1319.25 
    1.41796e-8      1256.12 
    1.56406e-8      1196.01 
    1.72522e-8      1138.78 
    1.90298e-8      1084.29 
    2.09906e-8       1032.4 
    2.31534e-8      983.001 
    2.52419e-8      941.457 
       2.53e-8      940.375 
    2.79068e-8      895.376 
    3.07823e-8      852.531 
     3.3954e-8      811.735 
    3.74525e-8      772.892 
    4.13115e-8      735.908 
    4.55681e-8      700.693 
    5.02633e-8      667.164 
    5.54423e-8      635.239 
    6.11549e-8      604.841 
    6.74561e-8      575.898 
    7.44066e-8      548.341 
    8.20732e-8      522.102 
    9.05297e-8      497.119 
    9.98577e-8      473.333 
    1.10147e-7      450.687 
    1.21496e-7      429.129 
    1.34014e-7      408.609 
    1.47823e-7      389.076 
    1.63054e-7      370.484 
    1.79855e-7      352.784 
    1.98386e-7       335.93 
    2.18827e-7      319.875 
    2.41375e-7      304.582 
    2.66245e-7      290.014 
    2.93678e-7      276.137 
    3.23938e-7      262.917 
    3.57316e-7      250.329 
    3.94132e-7      238.348 
    4.34743e-7      226.945 
    4.79537e-7       216.09 
    5.28947e-7      205.754 
    5.83448e-7      195.911 
    6.43565e-7       186.53 
    7.09876e-7      177.598 
     7.8302e-7      169.099 
      8.637e-7      161.005 
    9.52693e-7      153.298 
    1.05086e-6      145.971 
    1.15913e-6      138.996 
    1.27857e-6      132.342 
     1.4103e-6       126.01 
    1.55562e-6      119.975 
     1.7159e-6      114.217 
    1.89271e-6       108.75 
    2.08772e-6      103.546 
    2.30284e-6      98.6003 
    2.54012e-6       93.874 
    2.80184e-6      89.3913 
    3.11233e-6      84.8179 
    3.43302e-6      80.7405 
    3.78675e-6      76.8795 
    4.17692e-6      73.1991 
     4.6073e-6      69.7062 
    5.11762e-6      66.1258 
    5.64492e-6      62.9769 
    6.22656e-6      59.9662 
    6.86813e-6      57.0768 
     7.5758e-6      54.3518 
    8.41533e-6      51.5699 
    9.28242e-6      49.0977 
    1.02389e-5      46.7499 
    1.12147e-5      44.6799 
    1.24575e-5      42.3834 
    1.36448e-5      40.4996 
    1.50508e-5      38.5607 
    1.67187e-5      36.5754 
    1.83121e-5      34.9532 
    2.00585e-5      33.3967 
    2.19702e-5      31.9071 
    2.40654e-5      30.4977 
    2.61757e-5      29.2235 
    2.96932e-5      27.4424 
    3.32148e-5      25.9428 
    3.63806e-5       24.794 
    3.95708e-5      23.7729 
    4.30409e-5      22.7923 
    4.64895e-5      21.9342 
    5.16389e-5      20.8022 
    5.69596e-5      19.8174 
    6.10925e-5      19.1356 
    6.69186e-5       18.274 
    7.27868e-5      17.5259 
     7.8615e-5      16.8639 
    8.61121e-5      16.1088 
    9.43195e-5      15.3932 
    0.00010259      14.7597 
   0.000110811      14.2027 
   0.000111587      14.1501 
   0.000120528      13.6173 
   0.000123084      13.4818 
   0.000132015      13.0084 
   0.000135767      12.8354 
   0.000143592      12.4744 
   0.000149756      12.2227 
   0.000156184      11.9602 
   0.000166351      11.5953 
   0.000171078      11.4257 
   0.000180939      11.1187 
   0.000187384       10.918 
   0.000195427      10.6978 
   0.000203816      10.4681 
   0.000214064      10.2221 
   0.000223252      10.0016 
   0.000231204      9.83415 
   0.000241129      9.62523 
   0.000256826      9.33127 
   0.000264124      9.19461 
   0.000277391      8.97839 
   0.000287285      8.81713 
   0.000299617      8.63923 
   0.000312478      8.45369 
   0.000332803      8.19598 
    0.00034226      8.07607 
   0.000361988      7.85907 
     0.0003749      7.71703 
   0.000390992      7.56138 
   0.000407775      7.39904 
   0.000425279      7.25059 
    0.00044664      7.06942 
   0.000462572      6.95094 
   0.000482428      6.80327 
   0.000513808      6.59565 
   0.000528408      6.49905 
    0.00055109      6.36739 
   0.000570747      6.25328 
   0.000599416      6.10681 
   0.000625145      5.97535 
   0.000665842      5.79305 
   0.000684762       5.7083 
   0.000719158      5.57462 
   0.000750027      5.45464 
   0.000782222      5.34482 
   0.000815798      5.23028 
   0.000856818      5.10683 
   0.000893596      4.99614 
   0.000938481       4.8793 
   0.000978765      4.77443 
    0.00102078      4.67819 
    0.00106459      4.57782 
    0.00111029      4.48534 
     0.0011499       4.4052 
    0.00123333      4.25706 
    0.00127726      4.17907 
    0.00135088      4.06659 
    0.00136994      4.03748 
    0.00149007      3.86997 
    0.00166679      3.65931 
    0.00180035      3.52181 
     0.0019445      3.38857 
    0.00195822      3.37742 
    0.00212994      3.23787 
    0.00230049      3.11753 
    0.00233295      3.09463 
    0.00255543      2.95806 
    0.00257179      2.94801 
    0.00274085      2.85793 
    0.00281264      2.81968 
     0.0029812      2.74009 
    0.00303786      2.71334 
    0.00333476       2.5916 
     0.0033745       2.5753 
    0.00360179      2.49448 
    0.00364351      2.47964 
    0.00391763      2.39217 
    0.00392308      2.39043 
    0.00426118      2.29456 
    0.00428916      2.28663 
    0.00460261      2.20964 
    0.00469641       2.1866 
    0.00507054      2.10512 
    0.00509927      2.09963 
    0.00546927      2.02891 
    0.00555409       2.0127 
    0.00599084      1.93976 
    0.00608345       1.9243 
    0.00661692      1.84674 
    0.00664238      1.84346 
     0.0071471      1.77855 
    0.00717461      1.77541 
    0.00780376      1.70351 
     0.0078283       1.7007 
    0.00860783      1.62408 
    0.00866569      1.61839 
    0.00929447       1.5651 
    0.00936267      1.55985 
     0.0101411       1.4999 
     0.0101837      1.49712 
     0.0110767      1.43889 
     0.0111082      1.43684 
     0.0123036      1.36875 
     0.0123323      1.36712 
       0.01351      1.30934 
     0.0149021      1.24978 
      0.016606       1.1872 
     0.0179365      1.14511 
     0.0180622      1.14114 
     0.0195094      1.10024 
     0.0197846      1.09247 
     0.0213295      1.05798 
     0.0224459      1.03306 
     0.0229724      1.02312 
     0.0249193     0.986394 
     0.0254963     0.977045 
     0.0273463     0.947074 
     0.0278747     0.938514 
     0.0299089     0.910198 
     0.0303191     0.904488 
     0.0331531     0.872487 
     0.0332119     0.871892 
      0.035873     0.844966 
      0.036416     0.839472 
     0.0390188     0.816722 
     0.0402822     0.805679 
     0.0426591     0.789733 
     0.0456722     0.769519 
     0.0459447     0.767943 
     0.0503527     0.742449 
     0.0509927     0.739769 
     0.0546927     0.724278 
     0.0589555     0.706431 
     0.0598178     0.703717 
     0.0612757      0.69913 
     0.0664238     0.685989 
     0.0704906     0.675609 
     0.0717461     0.673851 
     0.0777255     0.665478 
     0.0805643     0.661503 
     0.0857341     0.659135 
          0.09     0.657181 
     0.0932522     0.658719 
           0.1     0.661911 
          0.11     0.676954 
          0.12     0.704223 
          0.13     0.742728 
          0.14     0.795845 
      0.143231     0.828493 
          0.15     0.896883 
          0.16      1.01476 
         0.165      1.08845 
          0.17      1.17396 
      0.174831      1.26966 
      0.179799       1.3829 
      0.184908      1.51678 
      0.188369      1.62083 
          0.19      1.66988 
         0.195      1.84038 
           0.2      2.03068 
         0.205      2.23866 
         0.219      2.85955 
         0.223      3.02094 
         0.226      3.12782 
         0.229       3.2182 
         0.232      3.28889 
         0.235      3.33708 
        0.2385      3.36272 
         0.239      3.36393 
      0.242372      3.35381 
         0.245      3.32536 
         0.248      3.26708 
         0.251      3.18621 
      0.253325       3.1095 
         0.254      3.08722 
         0.258      2.93454 
         0.273      2.30058 
         0.279      2.06827 
      0.284475       1.8782 
          0.29      1.70719 
         0.295      1.57138 
           0.3       1.4514 
          0.31      1.25251 
          0.32      1.09759 
      0.328521      0.99385 
          0.33      0.97585 
          0.34     0.879046 
      0.349661     0.802752 
          0.36     0.735783 
          0.37     0.682707 
          0.38     0.638423 
          0.39      0.60108 
           0.4     0.569288 
          0.41     0.541976 
          0.42     0.518315 
          0.43     0.497674 
          0.44     0.479533 
      0.453174     0.458948 
      0.458136     0.452107 
      0.463245     0.445064 
      0.476631     0.428832 
      0.493457     0.411358 
      0.503527     0.402321 
      0.523668     0.386312 
      0.543809     0.372812 
       0.56395     0.361285 
      0.594162      0.34681 
      0.624374     0.335004 
       0.65244      0.32593 
      0.654585     0.325237 
      0.694867     0.314495 
      0.734918     0.305791 
      0.785502     0.296769 
      0.845925     0.288075 
      0.870153     0.285324 
       0.93298     0.278189 
             1     0.272052 
       1.02126     0.270106 
       1.19936     0.256292 
         1.223     0.254562 
       1.47261     0.236286 
       1.54262      0.23116 
       1.68689     0.219635 
        1.7515     0.214475 
       1.76064     0.214404 
           1.8     0.213976 
        1.9388     0.222628 
             2     0.226442 
        2.2329     0.239098 
          2.28     0.238335 
        2.3354     0.237437 
           2.5     0.234784 
        2.5514     0.232333 
       2.71369     0.297646 
       2.78417     0.326121 
       2.86767     0.357882 
        2.9192     0.377482 
         2.971     0.395286 
             3      0.40573 
       3.18464     0.508274 
       3.22331     0.531545 
          3.25     0.540889 
          3.34      0.57327 
         3.426     0.606046 
           3.5     0.629438 
        3.5031     0.630282 
        3.5246     0.636599 
         3.595     0.658658 
       3.62732     0.668159 
         3.667     0.680093 
       3.66717     0.680146 
       3.73526     0.701077 
        3.7385     0.702084 
       3.75155     0.706188 
        3.7638     0.710165 
         3.882     0.739331 
             4     0.767661 
         4.026      0.76976 
        4.0869     0.773901 
         4.097     0.774424 
       4.15931     0.776832 
         4.169     0.777252 
       4.19017     0.778097 
         4.247     0.780673 
         4.253     0.780993 
         4.259     0.781326 
        4.2627     0.781537 
         4.272        0.782 
         4.284     0.782653 
       4.29345     0.783176 
         4.297     0.783401 
         4.322     0.785081 
        4.3381     0.786198 
         4.347     0.786678 
        4.3975      0.78934 
         4.423      0.79055 
        4.4477      0.79107 
         4.465     0.791416 
          4.48     0.791436 
           4.5     0.791557 
         4.507     0.791797 
         4.512     0.791995 
         4.558     0.793924 
         4.577      0.79521 
         4.608     0.797201 
         4.642      0.80008 
         4.659     0.801389 
        4.6708     0.802461 
         4.674     0.802714 
         4.706     0.804991 
          4.71     0.805245 
         4.742     0.807552 
       4.78928     0.810781 
         4.811     0.812264 
         4.814      0.81244 
        4.8354     0.813752 
          4.85     0.814773 
        4.9123     0.819339 
             5     0.824323 
         5.015     0.824113 
       5.03311     0.823887 
           5.1     0.827988 
         5.107      0.82804 
          5.18     0.828276 
        5.2546     0.828591 
         5.301     0.828742 
         5.345     0.828865 
          5.37     0.828948 
         5.495     0.829962 
           5.5      0.83002 
          5.51     0.829959 
        5.6467     0.829027 
         5.689     0.828977 
        5.8384     0.829198 
          5.84     0.829195 
        5.9234      0.82898 
         5.976     0.829023 
             6     0.829037 
          6.01     0.828901 
         6.171     0.826715 
         6.264     0.825493 
        6.4223     0.823449 
           6.5     0.821977 
         6.551     0.819784 
       6.61394     0.817126 
       6.65632      0.81566 
           6.7     0.818296 
           6.8      0.81818 
       6.82059     0.817879 
         6.838     0.817635 
          6.95     0.816174 
             7      0.81554 
        7.0061     0.815381 
        7.3445     0.801443 
       7.48753     0.795644 
           7.5     0.795138 
         7.528     0.793973 
          7.59     0.791514 
         7.851     0.780895 
             8     0.774884 
        8.1738     0.770429 
        8.3303     0.766102 
          8.47     0.762699 
           8.5      0.76197 
       8.75765     0.755002 
        8.7577     0.755004 
        8.7677     0.754748 
         8.865     0.752187 
             9     0.748724 
        9.1326      0.74579 
       9.23011     0.743887 
        9.3415     0.741713 
           9.5     0.738655 
        9.9253     0.729194 
            10     0.727605 
       10.0395       0.7256 
       10.0736     0.723871 
       10.1812     0.718414 
       10.2157      0.71666 
         10.25     0.714921 
       10.3248     0.710997 
       10.3598     0.709158 
       10.4705     0.703355 
          10.5     0.701804 
        10.506     0.701468 
        10.509       0.7013 
       10.6317     0.695051 
       10.6481     0.694195 
       10.6542     0.693878 
       10.7545     0.688655 
       10.7984     0.686294 
       10.8045     0.685962 
          10.9     0.680824 
       10.9507     0.678111 
        10.957     0.677777 
            11     0.675474 
        11.093     0.669752 
       11.1052     0.669007 
       11.1115     0.668619 
       11.1947     0.663537 
       11.2619     0.659363 
       11.2683     0.658963 
       11.2965     0.657212 
        11.371     0.652468 
       11.4208     0.649322 
          11.5     0.644312 
       11.5314     0.642307 
       11.5819     0.639088 
        11.677      0.63302 
       11.6941     0.631974 
       11.7453     0.628844 
       11.7577     0.628085 
       11.8385     0.623078 
       11.8591     0.621776 
        11.911     0.618497 
            12     0.612873 
       12.0264     0.611852 
        12.079     0.609817 
       12.1961      0.60529 
       12.2494     0.603226 
        12.261     0.602779 
       12.3681     0.598132 
       12.4223     0.595784 
          12.5     0.592412 
       12.5426     0.590645 
       12.5975     0.588371 
       12.7196     0.583312 
       12.7574     0.581748 
          12.8      0.57998 
        12.845     0.578131 
        12.899     0.575867 
       12.9373     0.574262 
            13     0.571637 
        13.081     0.567911 
       13.1199     0.566125 
        13.214     0.561796 
       13.2656     0.559389 
        13.305      0.55755 
        13.428     0.551806 
       13.4527     0.550661 
       13.4927     0.548812 
          13.5     0.548472 
        13.609     0.543507 
        13.625     0.542772 
        13.683     0.540062 
         13.75     0.536934 
        13.801     0.534498 
       13.8761     0.530912 
       13.9957     0.525197 
            14     0.524992 
        14.012     0.524986 
       14.0718     0.525449 
          14.1     0.525667 
       14.1932     0.526421 
        14.256     0.526929 
       14.2704     0.527052 
       14.3934     0.528106 
       14.4717     0.528777 
          14.5     0.529019 
        14.596     0.529653 
       14.5965     0.529656 
       14.6759     0.530264 
        14.798     0.531199 
       14.8024     0.531235 
       14.8829     0.531886 
            15     0.532833 
       15.0112     0.532925 
       15.0929     0.533593 
         15.18     0.534305 
          15.2     0.534438 
        15.223     0.534591 
       15.3058     0.535138 
         15.34     0.535365 
       15.4378     0.536051 
          15.5     0.536487 
       15.6556     0.537671 
       15.7187     0.538151 
        15.764     0.538496 
        15.848     0.538998 
        15.882      0.53917 
       15.9404      0.53949 
            16     0.539815 
       16.0716     0.540704 
       16.1653     0.541869 
       16.2983     0.543521 
        16.348     0.544138 
       16.3934     0.544671 
          16.5     0.545923 
       16.5283     0.546259 
       16.6247     0.547404 
       16.7155     0.548483 
       16.7615     0.549056 
       16.8592     0.550276 
        16.931     0.551171 
        16.967     0.551763 
            17     0.552373 
       17.0971     0.553806 
       17.2064     0.555419 
       17.3383     0.557366 
       17.4491     0.559002 
          17.5     0.559753 
        17.515     0.559985 
       17.5829     0.560935 
       17.6953     0.562508 
        17.831     0.564407 
        17.945     0.566002 
            18     0.566773 
       18.0825     0.565708 
        18.099     0.565496 
       18.1981     0.564043 
          18.2     0.564015 
       18.3376     0.562097 
       18.4568     0.560437 
          18.5     0.559834 
       18.5963     0.558453 
        18.683      0.55721 
       18.7172     0.556748 
       18.7653     0.556097 
       18.9812     0.553174 
            19      0.55292 
         19.03     0.552502 
        19.249     0.549452 
        19.267     0.549201 
       19.2985     0.548773 
          19.5     0.546037 
       19.5206     0.545753 
       19.5708      0.54506 
        19.796      0.54195 
       19.8469     0.541247 
        19.851      0.54119 
            20     0.539105 