         1e-11      17.1217 
   1.10304e-11      16.3037 
   1.21669e-11       15.525 
   1.34567e-11      14.7637 
   1.48433e-11      14.0587 
   1.64106e-11      13.3722 
   1.81016e-11       12.734 
   1.99667e-11      12.1264 
    2.2008e-11      11.5522 
   2.42756e-11      11.0014 
    2.6875e-11       10.458 
   2.96441e-11       9.9597 
   3.27293e-11      9.48096 
   3.61016e-11      9.02967 
   3.98214e-11       8.6001 
   4.40586e-11      8.17881 
   4.85983e-11      7.79021 
   5.36057e-11      7.42034 
   5.91291e-11      7.06832 
   6.52215e-11       6.7333 
   7.19418e-11      6.41446 
   7.93544e-11      6.11105 
   8.75309e-11      5.82233 
   9.65498e-11      5.54762 
    1.0651e-10      5.28595 
   1.17484e-10      5.03731 
    1.2959e-10      4.80075 
   1.42942e-10      4.57576 
   1.58454e-10      4.35122 
   1.74781e-10      4.14822 
    1.9279e-10      3.95519 
   2.13999e-10      3.76019 
   2.36049e-10       3.5863 
   2.60371e-10      3.42103 
   2.87198e-10      3.26398 
    3.1679e-10      3.11477 
   3.51041e-10      2.96657 
   3.89923e-10      2.82301 
   4.33134e-10      2.68716 
   4.81109e-10      2.55876 
   5.34425e-10      2.43736 
   5.93619e-10       2.3227 
   6.58642e-10      2.21554 
   7.30762e-10      2.11436 
   8.11743e-10      2.01778 
   9.01655e-10      1.92677 
          1e-9      1.84223 
    1.11082e-9      1.76139 
    1.23386e-9      1.68537 
    1.37422e-9      1.61214 
    1.52651e-9      1.54512 
    1.69952e-9      1.48094 
    1.90108e-9      1.41835 
      2.125e-9      1.36039 
    2.37702e-9      1.30612 
    2.65893e-9      1.25571 
    2.97428e-9      1.20897 
    3.34235e-9      1.16402 
    3.76512e-9      1.12182 
    4.24116e-9      1.08315 
    4.81109e-9      1.04579 
    5.45761e-9      1.01191 
    6.23467e-9     0.979649 
    7.12203e-9     0.950747 
     8.1967e-9     0.923568 
    9.49587e-9     0.898478 
     1.1078e-8     0.875532 
    1.30143e-8     0.854805 
    1.54646e-8     0.835866 
    1.86673e-8     0.818533 
    2.28726e-8     0.803135 
    2.51763e-8     0.796892 
       2.53e-8     0.796589 
    3.21036e-8     0.783554 
      4.185e-8     0.772294 
    5.71808e-8     0.762309 
    8.18987e-8     0.754015 
    1.27508e-7     0.747089 
    2.14155e-7     0.742101 
    5.10394e-7     0.737898 
    1.61823e-6     0.735506 
    2.13999e-6     0.735726 
    6.71847e-6     0.735103 
    7.72882e-6     0.735123 
     1.6069e-5     0.734935 
    2.09696e-5     0.734949 
      4.375e-5     0.734811 
        5.5e-5     0.734863 
    7.80467e-5     0.734763 
   0.000100705     0.734803 
     0.0169559     0.730058 
          0.03     0.728677 
          0.05     0.733394 
      0.062128     0.741619 
     0.0719717     0.752182 
     0.0811287      0.76614 
     0.0906349     0.786297 
      0.100705     0.816095 
          0.11     0.853451 
          0.12     0.909765 
          0.13     0.985096 
          0.14        1.087 
          0.15      1.26177 
          0.16      1.48443 
          0.17      1.79779 
      0.179799      2.22962 
      0.182335      2.38216 
          0.19      2.85405 
           0.2      3.69009 
          0.21      4.76106 
          0.22      5.98345 
          0.23      7.11524 
      0.239873      7.81634 
          0.25      7.90676 
          0.26      7.38034 
      0.276852      5.99723 
          0.28      5.73449 
          0.29      4.99675 
           0.3      4.38544 
          0.31       3.8913 
          0.32      3.49386 
          0.33      3.17283 
          0.34      2.91149 
      0.349661      2.69972 
          0.36      2.51016 
          0.37      2.35715 
          0.38      2.22744 
          0.39      2.11643 
           0.4      2.02063 
          0.41      1.93732 
          0.42      1.86442 
      0.433033      1.78271 
      0.443104       1.7272 
      0.453174      1.67759 
       0.46649      1.61973 
          0.48      1.56811 
           0.5      1.50351 
      0.523668        1.441 
      0.543809      1.39592 
       0.56395      1.35662 
      0.594162      1.30683 
      0.624374      1.26597 
      0.654585      1.23219 
      0.694867      1.19532 
       0.74522      1.15907 
      0.795573      1.13063 
      0.855996      1.10458 
       0.92649      1.08269 
          0.99      1.06883 
             1      1.04826 
       1.05741      1.02826 
          1.15      1.00494 
          1.25      1.00205 
        1.4628        1.024 
        1.6553      1.06171 
       1.73271      1.08854 
        1.8127      1.11115 
       1.86094      1.12308 
       2.06878      1.19023 
        2.2329       1.2481 
       2.47494      1.36502 
           2.5      1.37855 
       2.88348      1.44541 
       2.93979      1.45268 
       3.04232      1.45773 
        3.1315      1.45913 
       3.29585      1.44281 
        3.4121      1.42642 
           3.5      1.40922 
         3.645       1.4123 
        3.9017      1.38733 
             4       1.3622 
         4.169      1.35593 
        4.4542      1.32746 
       4.60929      1.31596 
       5.06861      1.26951 
       5.72913      1.22398 
       6.18078      1.18612 
        6.8687      1.13146 
        7.0061      1.11959 
       7.96176      1.07783 
        8.7577      1.03889 
       8.76676      1.03911 
            10     0.971139 
       10.1411     0.968055 
       10.2842     0.964931 
       10.4292     0.961763 
        10.509     0.960022 
       10.6573     0.957881 
       10.8076     0.955709 
       10.9601     0.953507 
        11.093     0.951588 
       11.2495     0.950957 
       11.4082     0.950318 
       11.5692     0.949669 
       11.7324     0.949011 
       11.8979     0.948344 
            12     0.947933 
       12.1693     0.943555 
        12.341     0.939114 
       12.5151     0.934612 
       12.6917     0.930045 
       12.8707     0.925415 
            13     0.922071 
       13.1834     0.919024 
       13.3694     0.915934 
        13.558       0.9128 
       13.7493     0.909622 
         13.75      0.90961 
        13.944     0.906664 
        14.012     0.905631 
       14.2097      0.89241 
        14.347     0.883227 
       14.5494     0.872075 
       14.7547     0.860765 
       14.9628     0.849296 
       15.1739     0.837665 
        15.388     0.825871 
       15.6051     0.813909 
        15.764     0.805155 
       15.9864     0.793647 
            16     0.792943 
       16.2257     0.779696 
       16.4546     0.766262 
       16.6868     0.752639 
       16.7155     0.750954 
       16.9513     0.735975 
       17.1905     0.720785 
        17.433      0.70538 
         17.67     0.690327 
       17.9193     0.675993 
            18     0.671352 
       18.2539     0.663819 
       18.5115     0.656179 
       18.7726     0.648432 
        18.808     0.647383 
       19.0733      0.64384 
       19.3424     0.640246 
       19.6153     0.636602 
       19.8921     0.632906 
            20     0.631465 